0 0.0000000000000000e+00 1.0000000000000022e+00
10 4.8117428398642297e-02 1.0024335551468597e+00
20 1.3875379942807267e-01 1.0066650675558395e+00
30 2.3005939300428266e-01 1.0105380614505075e+00
40 3.3595302278355033e-01 1.0146334552643732e+00
50 4.6932177497567196e-01 1.0193077119435343e+00
60 6.6784688205026910e-01 1.0255028356195013e+00
70 9.1473274480801647e-01 1.0322789266869095e+00
80 1.1498245243327656e+00 1.0380418117539645e+00
90 1.5118373424061382e+00 1.0459837112104819e+00
100 1.8703856608668616e+00 1.0530469406235217e+00
110 2.3243830305198609e+00 1.0611783036329232e+00
120 2.7940165505041037e+00 1.0688949992333228e+00
130 3.2917144331431349e+00 1.0765061621258818e+00
140 3.9901438894724510e+00 1.0864680853091364e+00
150 4.7381623709513612e+00 1.0964640702571113e+00
160 5.4885217930657193e+00 1.1059923746105293e+00
170 6.3489845573641457e+00 1.1164813092713115e+00
180 7.2662992829217101e+00 1.1273033482177599e+00
190 8.3687865999474056e+00 1.1399893910636394e+00
200 9.5188697904375950e+00 1.1530077226686051e+00
210 1.0768721614567388e+01 1.1670553255211857e+00
220 1.2015611902375760e+01 1.1810888359157574e+00
230 1.3413825394102082e+01 1.1969718376008884e+00
240 1.4897707691940584e+01 1.2141211496553510e+00
250 1.6497672306261308e+01 1.2330818961577845e+00
260 1.8294993911341706e+01 1.2551182748931164e+00
270 2.0302403236341547e+01 1.2808467327683810e+00
280 2.2455809787839815e+01 1.3099915763374910e+00
290 2.4768633689030345e+01 1.3433610852111315e+00
300 2.7271992814543278e+01 1.3822505313797755e+00
310 2.9892037795833492e+01 1.4264734209383068e+00
320 3.2592307744173354e+01 1.4763313106559790e+00
330 3.5378505682265278e+01 1.5329307954219769e+00
340 3.8313507119776062e+01 1.5989490558391957e+00
350 4.1328908089504509e+01 1.6744844391716702e+00
360 4.4614186305123461e+01 1.7668217201112302e+00
370 4.9193801959406073e+01 1.9155516349530708e+00
380 5.4407060690405807e+01 2.1178178356304675e+00
390 5.9720128338832389e+01 2.3659627471522078e+00
400 6.5092168420626081e+01 2.6657466770935936e+00
410 7.0587858220357631e+01 3.0273848235952356e+00
420 7.6239374939976216e+01 3.4573823722742993e+00
430 8.1959712052512060e+01 3.9459200093307127e+00
440 8.7604043537710098e+01 4.4656406324546536e+00
450 9.3134736552761069e+01 4.9897002410425433e+00
460 9.8619433424342787e+01 5.4989554164930912e+00
470 1.0415995591548138e+02 5.9777302008633173e+00
480 1.0986552679631554e+02 6.4109290449039538e+00
490 1.1585348756039242e+02 6.7834149880742585e+00
500 1.2225680636141169e+02 7.0801632428085837e+00
510 1.2923045758141191e+02 7.2867074684408575e+00
520 1.3695269531650624e+02 7.3901857869049463e+00
530 1.4561075136088741e+02 7.3815845089591763e+00
540 1.5532915769506360e+02 7.2603336766062343e+00
550 1.6600735260029870e+02 7.0422736676379083e+00
560 1.7732050940064619e+02 6.7604246057171098e+00
570 1.8905219603178833e+02 6.4472572139491771e+00
580 2.0122344044323088e+02 6.1226299992651132e+00
590 2.1398977657605641e+02 5.7965255735864449e+00
600 2.2757975795590198e+02 5.4737275111720063e+00
610 2.4230179057654087e+02 5.1563770496006631e+00
620 2.5860237215244183e+02 4.8451205954109886e+00
630 2.7720777662840578e+02 4.5395964957096391e+00
640 2.9946297638708177e+02 4.2392370205181518e+00
650 3.2760910699794294e+02 3.9533434915360646e+00
660 3.5947213665017881e+02 3.7505771129530987e+00
670 3.8572148314048025e+02 3.6825987178095367e+00
680 4.0663163780796344e+02 3.6982838223580856e+00
690 4.2486867286230620e+02 3.7672041849276896e+00
700 4.4177827599396312e+02 3.8794666029386211e+00
710 4.5819342793110371e+02 4.0322172798549101e+00
720 4.7483431593880590e+02 4.2256827121299292e+00
730 4.9259496808275412e+02 4.4619515322925842e+00
740 5.1273297321549740e+02 4.7402913174789507e+00
750 5.3389186056690937e+02 5.0064069688287409e+00
760 5.5284059570329794e+02 5.1928088424106367e+00
770 5.7065587065184798e+02 5.3096144973452803e+00
780 5.8846536287782203e+02 5.3678151997267998e+00
790 6.0712909195949646e+02 5.3724150376416109e+00
800 6.2758472348627311e+02 5.3251243250068807e+00
810 6.5117301353771961e+02 5.2252848824725513e+00
820 6.7981599845710525e+02 5.0732471484047164e+00
830 7.1284447708287473e+02 4.8979557269018121e+00
840 7.4511026177930876e+02 4.7578327339865654e+00
850 7.7550148508636357e+02 4.6696748200250031e+00
860 8.0455582139815169e+02 4.6303507738155192e+00
870 8.3303586324743037e+02 4.6331840438551577e+00
880 8.6204727074728680e+02 4.6715865497080973e+00
890 8.9352513608385254e+02 4.7405012877017301e+00
900 9.3168820255188018e+02 4.8359255105480363e+00
910 9.7166693988815268e+02 4.9173849483916170e+00
920 1.0064207803253063e+03 4.9552435258026115e+00
930 1.0408903314292659e+03 4.9597869067311029e+00
940 1.0785418067263938e+03 4.9358246238987817e+00
950 1.1249708282831559e+03 4.8868571286533671e+00
960 1.1803226437227843e+03 4.8348119051466254e+00
970 1.2283128848398962e+03 4.8140883250876252e+00
980 1.2756947822357020e+03 4.8181358617777406e+00
990 1.3304144808158385e+03 4.8414368752238381e+00
1000 1.4008243942381719e+03 4.8713097703589572e+00
1010 1.4617748837070715e+03 4.8791078746893906e+00
1020 1.5274576308185021e+03 4.8699785131746482e+00
1030 1.6175161393701421e+03 4.8528204028273452e+00
1040 1.6982674984336718e+03 4.8504344163117299e+00
1050 1.7984385294791041e+03 4.8591176213608351e+00
1060 1.9097650696481105e+03 4.8626109287759993e+00
1070 2.0452732321334258e+03 4.8576440678729815e+00
1080 2.1902568805388805e+03 4.8581139269422762e+00
1090 2.3845383726795617e+03 4.8593144242199111e+00
1100 2.6304892410878656e+03 4.8586505045922532e+00
1110 2.9881255980744927e+03 4.8587154316134358e+00
1120 3.6131374439942801e+03 4.8587895410837252e+00
1130 4.6014864813138120e+03 4.8588019112226499e+00
1140 5.6014864813138120e+03 4.8588051155698846e+00
1150 6.6014864813138120e+03 4.8588084183429112e+00
1160 7.6014864813138120e+03 4.8588117321475295e+00
1170 8.6014864813138120e+03 4.8588150452026495e+00
1180 9.6014864813138120e+03 4.8588183583075377e+00
1190 1.0601486481313812e+04 4.8588216714113619e+00
1200 1.1601486481313812e+04 4.8588249845125100e+00
1210 1.2601486481313812e+04 4.8588282976104500e+00
1220 1.3601486481313812e+04 4.8588316107052147e+00
1230 1.4601486481313812e+04 4.8588349237967643e+00
1240 1.5601486481313812e+04 4.8588382368852567e+00
1250 1.6601486481313812e+04 4.8588415499707027e+00
1260 1.7601486481313812e+04 4.8588448630532000e+00
1270 1.8601486481313812e+04 4.8588481761328248e+00
1280 1.9601486481313812e+04 4.8588514892096111e+00
1290 2.0601486481313812e+04 4.8588548022836777e+00
1300 2.1601486481313812e+04 4.8588581153550514e+00
1310 2.2601486481313812e+04 4.8588614284238538e+00
1320 2.3601486481313812e+04 4.8588647414901063e+00
1330 2.4601486481313812e+04 4.8588680545539162e+00
1340 2.5601486481313812e+04 4.8588713676153343e+00
1350 2.6601486481313812e+04 4.8588746806744485e+00
1360 2.7601486481313812e+04 4.8588779937312898e+00
1370 2.8601486481313812e+04 4.8588813067859924e+00
1380 2.9601486481313812e+04 4.8588846198385456e+00
1390 3.0601486481313812e+04 4.8588879328891208e+00
1400 3.1601486481313812e+04 4.8588912459377083e+00
1410 3.2601486481313812e+04 4.8588945589844261e+00
1420 3.3601486481313812e+04 4.8588978720292966e+00
1430 3.4601486481313812e+04 4.8589011850724741e+00
1440 3.5601486481313812e+04 4.8589044981139109e+00
1450 3.6601486481313812e+04 4.8589078111538067e+00
1460 3.7601486481313812e+04 4.8589111241921188e+00
1470 3.8601486481313812e+04 4.8589144372290010e+00
1480 3.9601486481313812e+04 4.8589177502644914e+00
1490 4.0601486481313812e+04 4.8589210632986459e+00
1500 4.1601486481313812e+04 4.8589243763315819e+00
1510 4.2601486481313812e+04 4.8589276893633002e+00
1520 4.3601486481313812e+04 4.8589310023939447e+00
1530 4.4601486481313812e+04 4.8589343154235491e+00
1540 4.5601486481313812e+04 4.8589376284521970e+00
1550 4.6601486481313812e+04 4.8589409414799487e+00
1560 4.7601486481313812e+04 4.8589442545068744e+00
1570 4.8601486481313812e+04 4.8589475675330327e+00
1580 4.9601486481313812e+04 4.8589508805585533e+00
1590 5.0601486481313812e+04 4.8589541935834406e+00
1600 5.1601486481313812e+04 4.8589575066078057e+00
1610 5.2601486481313812e+04 4.8589608196316849e+00
1620 5.3601486481313812e+04 4.8589641326551973e+00
1630 5.4601486481313812e+04 4.8589674456783580e+00
1640 5.5601486481313812e+04 4.8589707587012789e+00
1650 5.6601486481313812e+04 4.8589740717240177e+00
1660 5.7601486481313812e+04 4.8589773847466509e+00
1670 5.8601486481313812e+04 4.8589806977692573e+00
1680 5.9601486481313812e+04 4.8589840107918798e+00
1690 6.0601486481313812e+04 4.8589873238146133e+00
1700 6.1601486481313812e+04 4.8589906368375182e+00
1710 6.2601486481313812e+04 4.8589939498606665e+00
1720 6.3601486481313812e+04 4.8589972628841407e+00
1730 6.4601486481313812e+04 4.8590005759080181e+00
1740 6.5601486481313812e+04 4.8590038889323157e+00
1750 6.6601486481313812e+04 4.8590072019571933e+00
1760 6.7601486481313812e+04 4.8590105149826126e+00
1770 6.8601486481313812e+04 4.8590138280087727e+00
1780 6.9601486481313812e+04 4.8590171410356282e+00
1790 7.0601486481313812e+04 4.8590204540633373e+00
1800 7.1601486481313812e+04 4.8590237670918910e+00
1810 7.2601486481313812e+04 4.8590270801214359e+00
1820 7.3601486481313812e+04 4.8590303931519792e+00
1830 7.4601486481313812e+04 4.8590337061836628e+00
1840 7.5601486481313812e+04 4.8590370192164718e+00
1850 7.6601486481313812e+04 4.8590403322505580e+00
1860 7.7601486481313812e+04 4.8590436452859231e+00
1870 7.8601486481313812e+04 4.8590469583227121e+00
1880 7.9601486481313812e+04 4.8590502713609425e+00
1890 8.0601486481313812e+04 4.8590535844007157e+00
1900 8.1601486481313812e+04 4.8590568974420556e+00
1910 8.2601486481313812e+04 4.8590602104850804e+00
1920 8.3601486481313812e+04 4.8590635235298407e+00
1930 8.4601486481313812e+04 4.8590668365764111e+00
1940 8.5601486481313812e+04 4.8590701496248796e+00
1950 8.6601486481313812e+04 4.8590734626752861e+00
1960 8.7601486481313812e+04 4.8590767757277247e+00
1970 8.8601486481313812e+04 4.8590800887822532e+00
1980 8.9601486481313812e+04 4.8590834018389728e+00
1990 9.0601486481313812e+04 4.8590867148978791e+00
2000 9.1601486481313812e+04 4.8590900279591347e+00
2010 9.2601486481313812e+04 4.8590933410227395e+00
2020 9.3601486481313812e+04 4.8590966540888640e+00
2030 9.4601486481313812e+04 4.8590999671574284e+00
2040 9.5601486481313812e+04 4.8591032802286458e+00
2050 9.6601486481313812e+04 4.8591065933024939e+00
2060 9.7601486481313812e+04 4.8591099063790972e+00
2070 9.8601486481313812e+04 4.8591132194584956e+00
2080 9.9601486481313812e+04 4.8591165325407877e+00
