0 0.0000000000000000e+00 1.0000000000000022e+00
10 1.3000000000000000e-01 1.0067762407812419e+00
20 3.6696864602489252e+00 1.1961422273959512e+00
30 6.9960937922274153e+00 1.3834595138569747e+00
40 1.0757099137493295e+01 1.6076238936608505e+00
50 1.4346680762262437e+01 1.8352205625838400e+00
60 1.7524826323455496e+01 2.0489351475085877e+00
70 2.0439453631460211e+01 2.2557765794786588e+00
80 2.3430813360054593e+01 2.4795158227712193e+00
90 2.6456632405507452e+01 2.7182343065696872e+00
100 2.9469636877483836e+01 2.9688616131901111e+00
110 3.2159459918697280e+01 3.2038576686114606e+00
120 3.4970474457796250e+01 3.4610693919637607e+00
130 3.7264288075462119e+01 3.6799181400971017e+00
140 3.9463850191066172e+01 3.8974375620642450e+00
150 4.1942088475456387e+01 4.1515965616583745e+00
160 4.4454326198282502e+01 4.4191606697210331e+00
170 4.6657988681846525e+01 4.6621731017582180e+00
180 4.9060435702386982e+01 4.9360879177778907e+00
190 5.1329876052899472e+01 5.2036138286070601e+00
200 5.3760353895215857e+01 5.4998538166901678e+00
210 5.5751369300057220e+01 5.7503095494737959e+00
220 5.7811234138065693e+01 6.0171490863900878e+00
230 6.0092588859809965e+01 6.3223764796259916e+00
240 6.2289700055617487e+01 6.6266490575336903e+00
250 6.4335419202603902e+01 6.9197944153639082e+00
260 6.6273918316043492e+01 7.2070714888012155e+00
270 6.8618246348742929e+01 7.5679793843378187e+00
280 7.0863114463374117e+01 7.9287803038774927e+00
290 7.3271919643856279e+01 8.3342278127234124e+00
300 7.5389851968011541e+01 8.7079148317508999e+00
310 7.7538414588464448e+01 9.1049580404799144e+00
320 8.0428552421470272e+01 9.6701124200830737e+00
330 8.2861994016545921e+01 1.0175823859867011e+01
340 8.4425653572850933e+01 1.0516071219693865e+01
350 8.6225692793524473e+01 1.0923174019701692e+01
360 8.8321208917331802e+01 1.1418476589491162e+01
370 9.0631562801997958e+01 1.1991738986380094e+01
380 9.2694688919761404e+01 1.2527901811285380e+01
390 9.4277070611829700e+01 1.2954508377755927e+01
400 9.6073909129793805e+01 1.3454795972138491e+01
410 9.7783509360117108e+01 1.3945977796725161e+01
420 9.9700046800817134e+01 1.4513409005544219e+01
430 1.0148677640191164e+02 1.5057427035965663e+01
440 1.0339321944238407e+02 1.5652589414436681e+01
450 1.0528996394324392e+02 1.6258261879293446e+01
460 1.0722648935946604e+02 1.6888778497578578e+01
470 1.0902042865107781e+02 1.7482097607570054e+01
480 1.1083391726325027e+02 1.8089145359605755e+01
490 1.1288794558568168e+02 1.8783264802261066e+01
500 1.1466420181664066e+02 1.9387161505063748e+01
510 1.1658588711555427e+02 2.0042198053779067e+01
520 1.1858946405377141e+02 2.0724744053287807e+01
530 1.2052451580167492e+02 2.1381341481843801e+01
540 1.2281908079903440e+02 2.2153742635082136e+01
550 1.2472874802691959e+02 2.2789267285122683e+01
560 1.2697995407436942e+02 2.3527419779173670e+01
570 1.2908994154445182e+02 2.4206265394526675e+01
580 1.3138223802786635e+02 2.4927251264242479e+01
590 1.3369140951548729e+02 2.5634070426523571e+01
600 1.3614148221836842e+02 2.6360600385734145e+01
610 1.3897099289881024e+02 2.7167346317542428e+01
620 1.4148426533345980e+02 2.7853241487297563e+01
630 1.4401471299940670e+02 2.8513494671942951e+01
640 1.4686054280001881e+02 2.9218767354346838e+01
650 1.4958793695187617e+02 2.9857165446298470e+01
660 1.5261560775927236e+02 3.0522716812669309e+01
670 1.5533068912690231e+02 3.1081223510806591e+01
680 1.5802834881546551e+02 3.1600785815352303e+01
690 1.6102566282491833e+02 3.2137626934290523e+01
700 1.6464697444504429e+02 3.2731222973898042e+01
710 1.6834425961471263e+02 3.3277741690388140e+01
720 1.7185971886752077e+02 3.3744402764803809e+01
730 1.7632555449554633e+02 3.4267284821424823e+01
740 1.8038868104556201e+02 3.4679686041400586e+01
750 1.8421773068887893e+02 3.5017308501186179e+01
760 1.8857686756196850e+02 3.5346252861809930e+01
770 1.9283520755168274e+02 3.5615497609469834e+01
780 1.9788996740665490e+02 3.5874832059366568e+01
790 2.0336298739190769e+02 3.6089968204133001e+01
800 2.0792325028229189e+02 3.6223157534158872e+01
810 2.1251251434107994e+02 3.6319865995167042e+01
820 2.1729762492727727e+02 3.6385399064416141e+01
830 2.2222488752287535e+02 3.6419749956207937e+01
840 2.2733343157311293e+02 3.6424392219545624e+01
850 2.3249045847449324e+02 3.6401356290166703e+01
860 2.3793987435301582e+02 3.6350997219182482e+01
870 2.4358434217592762e+02 3.6274816955573236e+01
880 2.4936468080099596e+02 3.6175436202504926e+01
890 2.5524019861834697e+02 3.6055891902664186e+01
900 2.6162157880299532e+02 3.5908586217193324e+01
910 2.6827861612920191e+02 3.5739158173985260e+01
920 2.7532750899506556e+02 3.5545798208359514e+01
930 2.8238864224394661e+02 3.5340861012525508e+01
940 2.8980332389387820e+02 3.5116435193793841e+01
950 2.9770726022785306e+02 3.4869526614076932e+01
960 3.0593202154850911e+02 3.4606712167596235e+01
970 3.1490859268813506e+02 3.4315497627582559e+01
980 3.2390113327910427e+02 3.4021284007041807e+01
990 3.3379099154613039e+02 3.3696824652956323e+01
1000 3.4384771790895292e+02 3.3367603509179688e+01
1010 3.5452120517782396e+02 3.3020427864946591e+01
1020 3.6660246586746962e+02 3.2631643418869473e+01
1030 3.7850136725181517e+02 3.2254164716136856e+01
1040 3.9125848152520990e+02 3.1856344997957887e+01
1050 4.0530628513645945e+02 3.1427265900423656e+01
1060 4.2017109292349130e+02 3.0984070682715736e+01
1070 4.3552382660651375e+02 3.0538401339069551e+01
1080 4.5193071721642161e+02 3.0075882092418450e+01
1090 4.6894281628694370e+02 2.9611312765469865e+01
1100 4.8783855080268950e+02 2.9113034068574336e+01
1110 5.0733196957889646e+02 2.8618165806674217e+01
1120 5.2806594433992359e+02 2.8112576384134886e+01
1130 5.4725655821714656e+02 2.7663066592023764e+01
1140 5.6943795054376744e+02 2.7164730997857323e+01
1150 5.9301530121899339e+02 2.6658886503096866e+01
1160 6.1771385416095234e+02 2.6154012796387402e+01
1170 6.4452006055877689e+02 2.5633407919259998e+01
1180 6.7379070329220531e+02 2.5095452138334498e+01
1190 7.0566578489470635e+02 2.4543401117734479e+01
1200 7.4012512817948561e+02 2.3983281722369643e+01
1210 7.7603007171921661e+02 2.3437052434778430e+01
1220 8.1410984033535817e+02 2.2896039708261728e+01
1230 8.5634196760301256e+02 2.2338226974707126e+01
1240 9.0286021428119238e+02 2.1770548290733885e+01
1250 9.5357320132222253e+02 2.1202190340721209e+01
1260 1.0076943516840726e+03 2.0647968923431527e+01
1270 1.0641671237577282e+03 2.0121384048003669e+01
1280 1.1248498617727930e+03 1.9608249780073017e+01
1290 1.1884774594125463e+03 1.9122589761534936e+01
1300 1.2528102854001206e+03 1.8680173571588753e+01
1310 1.3165845057441766e+03 1.8284760414779257e+01
1320 1.3791400329547225e+03 1.7934541675311234e+01
1330 1.4402470876478253e+03 1.7625380544605445e+01
1340 1.5022071868581302e+03 1.7343123903196076e+01
1350 1.5684270756875687e+03 1.7075454875130919e+01
1360 1.6359353719581829e+03 1.6840219697567747e+01
1370 1.7016549284172545e+03 1.6652254892862260e+01
1380 1.7641532778415926e+03 1.6518503972889256e+01
1390 1.8229305714240222e+03 1.6442050551464312e+01
1400 1.8778791740885790e+03 1.6423326904934374e+01
1410 1.9296945203044293e+03 1.6460280072577394e+01
1420 1.9800717956350154e+03 1.6551638123893046e+01
1430 2.0295647309646665e+03 1.6693563295539921e+01
1440 2.0750956008046046e+03 1.6861910087042819e+01
1450 2.1156553649232578e+03 1.7030489481959037e+01
1460 2.1526926753714197e+03 1.7187547360703284e+01
1470 2.1878297897611178e+03 1.7328847116096142e+01
1480 2.2229671882906596e+03 1.7454618888424530e+01
1490 2.2595019818854325e+03 1.7564047704608800e+01
1500 2.2988568009999858e+03 1.7657149030199076e+01
1510 2.3381297901997750e+03 1.7729326055177697e+01
1520 2.3745057512516514e+03 1.7785341990659436e+01
1530 2.4084751681954435e+03 1.7835855561613506e+01
1540 2.4413395195824246e+03 1.7889806419116567e+01
1550 2.4736386286590191e+03 1.7953484616257303e+01
1560 2.5063385464306184e+03 1.8033757377999276e+01
1570 2.5394324422033446e+03 1.8135363219422654e+01
1580 2.5719568928590525e+03 1.8258034906993732e+01
1590 2.6032320085158181e+03 1.8398529064615278e+01
1600 2.6335006704237567e+03 1.8555095138462704e+01
1610 2.6626583706228216e+03 1.8723124720085405e+01
1620 2.6913427247883296e+03 1.8901596124069254e+01
1630 2.7199307399271770e+03 1.9087873255918414e+01
1640 2.7481919518415166e+03 1.9274685666944784e+01
1650 2.7758707944688954e+03 1.9454192179620023e+01
1660 2.8029643836795822e+03 1.9620708705882418e+01
1670 2.8292727382080639e+03 1.9768520656335426e+01
1680 2.8552137801316849e+03 1.9896629331938005e+01
1690 2.8810685570974674e+03 2.0003645770397046e+01
1700 2.9064070262089058e+03 2.0086407883641201e+01
1710 2.9319091390135268e+03 2.0146527495826355e+01
1720 2.9571469215127722e+03 2.0183005412167638e+01
1730 2.9820223660066681e+03 2.0197179731264065e+01
1740 3.0073831818107737e+03 2.0190609111115993e+01
1750 3.0321012313174078e+03 2.0165376601282762e+01
1760 3.0568070664313923e+03 2.0123396834805526e+01
1770 3.0823467728320857e+03 2.0064416681641706e+01
1780 3.1093031860534866e+03 1.9987297307078727e+01
1790 3.1374728295248274e+03 1.9892952404956411e+01
1800 3.1664825662044545e+03 1.9783757043042502e+01
1810 3.1970192675779758e+03 1.9658360110745807e+01
1820 3.2288785991206041e+03 1.9518846973626143e+01
1830 3.2625947067268362e+03 1.9364294571290657e+01
1840 3.2982661621299976e+03 1.9195759280853924e+01
1850 3.3362739414027615e+03 1.9013166889475556e+01
1860 3.3768350682291157e+03 1.8817435951891404e+01
1870 3.4202486873367984e+03 1.8609363787178804e+01
1880 3.4665921089971121e+03 1.8391078457131243e+01
1890 3.5150869416193200e+03 1.8168741383153204e+01
1900 3.5627616102488923e+03 1.7957512548941789e+01
1910 3.6128742208043623e+03 1.7744209330700862e+01
1920 3.6691513976128181e+03 1.7515905115396951e+01
1930 3.7297012207389848e+03 1.7283736292562050e+01
1940 3.7935935778898229e+03 1.7053620575452001e+01
1950 3.8605386453620463e+03 1.6828166805514691e+01
1960 3.9303059678170475e+03 1.6609147552343273e+01
1970 4.0044620884730189e+03 1.6392728254578927e+01
1980 4.0845826892112982e+03 1.6176066033351130e+01
1990 4.1692232139459566e+03 1.5964518099445693e+01
2000 4.2546008769322198e+03 1.5767217631126867e+01
2010 4.3429570854148606e+03 1.5578224254174531e+01
2020 4.4398090913608030e+03 1.5386934226975319e+01
2030 4.5413154460480373e+03 1.5202390564074594e+01
2040 4.6458318307399013e+03 1.5027574642098374e+01
2050 4.7481743216789955e+03 1.4869671511584931e+01
2060 4.8447905444916260e+03 1.4731273181012986e+01
2070 4.9540256989593699e+03 1.4585747651809973e+01
2080 5.0665566128771015e+03 1.4446409155958865e+01
2090 5.1800508400031022e+03 1.4315338521847119e+01
2100 5.2760088300582984e+03 1.4211168027325430e+01
2110 5.3840363464515322e+03 1.4100763653521671e+01
2120 5.4970577964413424e+03 1.3993118069784236e+01
2130 5.6088857355221680e+03 1.3895265987004832e+01
2140 5.7056138188782224e+03 1.3818729635564491e+01
2150 5.8008366670093419e+03 1.3752269554874081e+01
2160 5.8983445173088385e+03 1.3695460973403453e+01
2170 5.9933043904178039e+03 1.3653757218426875e+01
2180 6.0806498318298618e+03 1.3630147234627422e+01
2190 6.1552720653872102e+03 1.3623624275077937e+01
2200 6.2323225430719731e+03 1.3632678820033696e+01
2210 6.3079116160091999e+03 1.3659874923922557e+01
2220 6.3784274963428061e+03 1.3704118036942171e+01
2230 6.4415559392150790e+03 1.3761051543285456e+01
2240 6.4992381165967527e+03 1.3828567860236044e+01
2250 6.5593481314826195e+03 1.3915355715129781e+01
2260 6.6172080472335356e+03 1.4014695740903774e+01
2270 6.6716108332033164e+03 1.4121363588875239e+01
2280 6.7222643269485161e+03 1.4230633227288063e+01
2290 6.7681726824378320e+03 1.4335962753613675e+01
2300 6.8147326942885156e+03 1.4446361236101794e+01
2310 6.8626951672739897e+03 1.4560570177684877e+01
2320 6.9096205662735883e+03 1.4669062554535200e+01
2330 6.9539743781439583e+03 1.4765117507054089e+01
2340 6.9944572435559730e+03 1.4844501968488338e+01
2350 7.0328104084848110e+03 1.4910356139981067e+01
2360 7.0728436012005041e+03 1.4967706424535294e+01
2370 7.1126582640644101e+03 1.5012003950036803e+01
2380 7.1484690929690769e+03 1.5040438713558752e+01
2390 7.1842064566438648e+03 1.5057945700187846e+01
2400 7.2199037194789707e+03 1.5064854682434424e+01
2410 7.2537980154964089e+03 1.5062138201786906e+01
2420 7.2864693964675598e+03 1.5051615731691014e+01
2430 7.3178632694871358e+03 1.5034896281656541e+01
2440 7.3477642589449524e+03 1.5013636903723208e+01
2450 7.3767784265223590e+03 1.4988687641580048e+01
2460 7.4026172479845782e+03 1.4963410191697447e+01
2470 7.4303324047078695e+03 1.4933630179004751e+01
2480 7.4564369111546112e+03 1.4903536712224327e+01
2490 7.4819590220436548e+03 1.4872632986770849e+01
2500 7.5027987772262750e+03 1.4846591738747154e+01
2510 7.5256901904629149e+03 1.4817414239993754e+01
2520 7.5496038234948965e+03 1.4786565538033924e+01
2530 7.5720485041266329e+03 1.4757514511475499e+01
2540 7.5885503207721313e+03 1.4736226595855703e+01
2550 7.6098664725227809e+03 1.4708969227426355e+01
2560 7.6301229659461878e+03 1.4683468110238586e+01
2570 7.6444320924484982e+03 1.4665774807284482e+01
2580 7.6616699890838045e+03 1.4644901922730586e+01
2590 7.6802886608558338e+03 1.4623010621507252e+01
2600 7.6945613242948639e+03 1.4606772801717179e+01
2610 7.7087688203326152e+03 1.4591152610730960e+01
2620 7.7256402156697332e+03 1.4573411762179520e+01
2630 7.7398729714556130e+03 1.4559225764319518e+01
2640 7.7518287699800048e+03 1.4547935392573455e+01
2650 7.7668574189277842e+03 1.4534658566919539e+01
2660 7.7808525178215041e+03 1.4523328367025139e+01
2670 7.7914726907585245e+03 1.4515477161592552e+01
2680 7.8048799857720760e+03 1.4506594163996711e+01
2690 7.8182558458431395e+03 1.4499007574056158e+01
2700 7.8278426810622477e+03 1.4494440538414638e+01
2710 7.8400932114657899e+03 1.4489775131737193e+01
2720 7.8527149231499225e+03 1.4486482786186007e+01
2730 7.8618406905174606e+03 1.4485154405479296e+01
2740 7.8731150067749186e+03 1.4484847685303839e+01
2750 7.8849134165718679e+03 1.4486247202236859e+01
2760 7.8935189197633663e+03 1.4488471866571558e+01
2770 7.9040707131087247e+03 1.4492696979299843e+01
2780 7.9151185604276097e+03 1.4499020330381439e+01
2790 7.9235780526206690e+03 1.4505268507042972e+01
2800 7.9336300430538950e+03 1.4514382703283916e+01
2810 7.9437659157268281e+03 1.4525540805397020e+01
2820 7.9519814216212917e+03 1.4536112893104189e+01
2830 7.9615812339777231e+03 1.4550283258758196e+01
2840 7.9707952424490841e+03 1.4565801529662954e+01
2850 7.9792171815839538e+03 1.4581687578759668e+01
2860 7.9884554345300457e+03 1.4601037360797335e+01
2870 7.9965135589036336e+03 1.4619594438416259e+01
2880 8.0045852576449315e+03 1.4639774473573606e+01
2890 8.0129832577003353e+03 1.4662473662073291e+01
2900 8.0208726010169039e+03 1.4685380553969836e+01
2910 8.0286137799647222e+03 1.4709336024705992e+01
2920 8.0360965245099569e+03 1.4733862554596495e+01
2930 8.0433769103804116e+03 1.4758989092761816e+01
2940 8.0506927167953972e+03 1.4785453335357561e+01
2950 8.0578678578315748e+03 1.4812544312191099e+01
2960 8.0649039327666806e+03 1.4840147485406716e+01
2970 8.0717275498573426e+03 1.4867839347744653e+01
2980 8.0785289207315336e+03 1.4896280407216187e+01
2990 8.0851803229476454e+03 1.4924837713370755e+01
3000 8.0923597817257987e+03 1.4956404479947761e+01
3010 8.0991868927971418e+03 1.4987051680292844e+01
3020 8.1067120012935211e+03 1.5021437295969637e+01
3030 8.1145455271862438e+03 1.5057779527148808e+01
3040 8.1221674752899644e+03 1.5093544229819356e+01
3050 8.1296665042713830e+03 1.5128992895833482e+01
3060 8.1381069615686847e+03 1.5169045850289690e+01
3070 8.1466862588972745e+03 1.5209753902113608e+01
3080 8.1552602868208387e+03 1.5250261139503662e+01
3090 8.1634788300886603e+03 1.5288774254704540e+01
3100 8.1730904204494700e+03 1.5333248157334188e+01
3110 8.1821645971254475e+03 1.5374517473226531e+01
3120 8.1910678301978423e+03 1.5414202182578526e+01
3130 8.1996907877491831e+03 1.5451779661347617e+01
3140 8.2097459332868057e+03 1.5494438164163537e+01
3150 8.2198494418531482e+03 1.5535971764754565e+01
3160 8.2288123346845332e+03 1.5571667669496025e+01
3170 8.2369791756978557e+03 1.5603247634387682e+01
3180 8.2473338378823755e+03 1.5642009850216910e+01
3190 8.2579004052429373e+03 1.5680142853181406e+01
3200 8.2655455311871629e+03 1.5706882229102193e+01
3210 8.2752866642378322e+03 1.5739986536501766e+01
3220 8.2857126586984505e+03 1.5774317360414580e+01
3230 8.2940202580065143e+03 1.5800939435705349e+01
3240 8.3021325238412337e+03 1.5826377894466896e+01
3250 8.3115578464265527e+03 1.5855328133690129e+01
3260 8.3212016290531574e+03 1.5884377461346798e+01
3270 8.3285401464548540e+03 1.5906162174814281e+01
3280 8.3375095532186133e+03 1.5932488833902806e+01
3290 8.3469380844943589e+03 1.5959896888325039e+01
3300 8.3551767737798091e+03 1.5983698691448934e+01
3310 8.3634339036397960e+03 1.6007483772976279e+01
3320 8.3728296363752324e+03 1.6034544630278106e+01
3330 8.3820713238517073e+03 1.6061242808142264e+01
3340 8.3902974283281001e+03 1.6085142890671435e+01
3350 8.3998091374319265e+03 1.6113013358799439e+01
3360 8.4095303558640717e+03 1.6141834760238574e+01
3370 8.4181086240071763e+03 1.6167604605883376e+01
3380 8.4280533678166594e+03 1.6197920668559661e+01
3390 8.4378624224234591e+03 1.6228308347198755e+01
3400 8.4473662994794959e+03 1.6258197865014058e+01
3410 8.4582628650289280e+03 1.6292941273103782e+01
3420 8.4685102127339760e+03 1.6325951489860433e+01
3430 8.4799937143749994e+03 1.6363100564962384e+01
3440 8.4918054300001695e+03 1.6401135411002770e+01
3450 8.5049264449164129e+03 1.6442629983935305e+01
3460 8.5182554596921182e+03 1.6483276747188363e+01
3470 8.5315823392848979e+03 1.6521661435654977e+01
3480 8.5450051178511658e+03 1.6557344596542773e+01
3490 8.5583959581705240e+03 1.6589380865699166e+01
3500 8.5717863702632003e+03 1.6617428520718182e+01
3510 8.5850991131083465e+03 1.6641103916359569e+01
3520 8.5985242880792339e+03 1.6660635555139542e+01
3530 8.6120975603141833e+03 1.6676006807026468e+01
3540 8.6259599818985389e+03 1.6687363994095275e+01
3550 8.6397583020072652e+03 1.6694628635190316e+01
3560 8.6537244139743834e+03 1.6698294530073703e+01
3570 8.6678282600146267e+03 1.6698732203463248e+01
3580 8.6822524305469669e+03 1.6696367786753321e+01
3590 8.6968955568998717e+03 1.6691704950047086e+01
3600 8.7118221838563059e+03 1.6685307110297622e+01
3610 8.7268625275164941e+03 1.6677908734720646e+01
3620 8.7424006866659529e+03 1.6670029468993601e+01
3630 8.7585075387724664e+03 1.6662418696604469e+01
3640 8.7748586604670345e+03 1.6656084897948489e+01
3650 8.7908381395379420e+03 1.6651978387521762e+01
3660 8.8079524382518121e+03 1.6650580965867540e+01
3670 8.8255731686673535e+03 1.6653047145556016e+01
3680 8.8422849477482941e+03 1.6659532897607001e+01
3690 8.8612384969936120e+03 1.6672166101050646e+01
3700 8.8806738599094369e+03 1.6691136597742574e+01
3710 8.8997078762770252e+03 1.6715542501955170e+01
3720 8.9195207049068194e+03 1.6746691401275069e+01
3730 8.9400905319418216e+03 1.6784498688984733e+01
3740 8.9630990096437999e+03 1.6832077130441807e+01
3750 8.9859347058470830e+03 1.6883042093647035e+01
3760 9.0093225511857909e+03 1.6936906850807173e+01
3770 9.0349887627803837e+03 1.6995115952474304e+01
3780 9.0607964729641462e+03 1.7049659261765104e+01
3790 9.0881198573266356e+03 1.7100150881843039e+01
3800 9.1153703275968219e+03 1.7141243959279507e+01
3810 9.1449051027933474e+03 1.7174996263495014e+01
3820 9.1742145563866179e+03 1.7198764117069775e+01
3830 9.2047238010530364e+03 1.7215682182279000e+01
3840 9.2350304666968732e+03 1.7226890920519107e+01
3850 9.2658531953550555e+03 1.7233807242384913e+01
3860 9.2971834096522180e+03 1.7235958977636123e+01
3870 9.3282742697735375e+03 1.7231707617770944e+01
3880 9.3596256941928004e+03 1.7218704084824608e+01
3890 9.3916561551760024e+03 1.7193875284559109e+01
3900 9.4239912236261971e+03 1.7154758665613297e+01
3910 9.4561903805872953e+03 1.7100244382490029e+01
3920 9.4895488617131541e+03 1.7026641761616521e+01
3930 9.5234548083149275e+03 1.6934103732943647e+01
3940 9.5574838545780094e+03 1.6824218234304468e+01
3950 9.5918017609041308e+03 1.6697766445201939e+01
3960 9.6262240252997235e+03 1.6557237560741509e+01
3970 9.6597053842912592e+03 1.6409586171213157e+01
3980 9.6916062534469384e+03 1.6260842926786374e+01
3990 9.7225927667301494e+03 1.6110561474613856e+01
4000 9.7526642537915468e+03 1.5960700114796492e+01
4010 9.7819677972753398e+03 1.5812049371032112e+01
4020 9.8100091918842227e+03 1.5668309154209906e+01
4030 9.8375253530315113e+03 1.5526570853704449e+01
4040 9.8656670202469577e+03 1.5381517628051784e+01
4050 9.8921519856706764e+03 1.5245376185551294e+01
4060 9.9173551216236574e+03 1.5116486132808884e+01
4070 9.9426821571696310e+03 1.4987864162822147e+01
4080 9.9678498065506901e+03 1.4861145704691422e+01
4090 9.9925150907182015e+03 1.4738170713589188e+01
4100 1.0016738546928449e+04 1.4618690869921931e+01
4110 1.0041425760086107e+04 1.4498346447869737e+01
4120 1.0065098636013323e+04 1.4384381833320317e+01
4130 1.0088881292147777e+04 1.4271380429130602e+01
4140 1.0112780165743467e+04 1.4159405969560005e+01
4150 1.0136064388676979e+04 1.4051903537480579e+01
4160 1.0159701895467535e+04 1.3944450633861122e+01
4170 1.0184619596582103e+04 1.3833099639583260e+01
4180 1.0208420769652357e+04 1.3728675493916661e+01
4190 1.0232840311842210e+04 1.3623619648911308e+01
4200 1.0258718757610426e+04 1.3514738701866834e+01
4210 1.0282931662309018e+04 1.3415316508216314e+01
4220 1.0308696128411641e+04 1.3312339965553180e+01
4230 1.0335798471009375e+04 1.3207435511262020e+01
4240 1.0361637694094983e+04 1.3111006559957973e+01
4250 1.0387405496207222e+04 1.3018686398818449e+01
4260 1.0416087631099481e+04 1.2920912347537481e+01
4270 1.0445276948973948e+04 1.2827383762369548e+01
4280 1.0473367784197610e+04 1.2743662828514953e+01
4290 1.0501720132121787e+04 1.2666016448915355e+01
4300 1.0532232612816479e+04 1.2590809115657001e+01
4310 1.0564018961387505e+04 1.2522364610632241e+01
4320 1.0596190472573338e+04 1.2463999409336990e+01
4330 1.0629573747381011e+04 1.2415511285040571e+01
4340 1.0663205848621166e+04 1.2379318361724135e+01
4350 1.0696807079179522e+04 1.2355729121103982e+01
4360 1.0729348896204354e+04 1.2344376010144643e+01
4370 1.0761793257208310e+04 1.2343455664018640e+01
4380 1.0792886924005314e+04 1.2351239994295398e+01
4390 1.0823193190628010e+04 1.2365912874714034e+01
4400 1.0852786638337177e+04 1.2386186059943887e+01
4410 1.0881635681893336e+04 1.2411286527393418e+01
4420 1.0909657881167937e+04 1.2440946363744910e+01
4430 1.0936615493403240e+04 1.2475040302124730e+01
4440 1.0962462737625518e+04 1.2513657729012767e+01
4450 1.0987671602966100e+04 1.2557629514844450e+01
4460 1.1012165144909270e+04 1.2606741308497465e+01
4470 1.1036047735115779e+04 1.2660680657445599e+01
4480 1.1059645206906442e+04 1.2719331319001247e+01
4490 1.1082434376267503e+04 1.2780025925798423e+01
4500 1.1104591797776360e+04 1.2841452171272001e+01
4510 1.1125942767349316e+04 1.2901238879116418e+01
4520 1.1147046002992871e+04 1.2959073577900577e+01
4530 1.1167558347832302e+04 1.3012249159557745e+01
4540 1.1187552837502042e+04 1.3059493446472674e+01
4550 1.1207303472771609e+04 1.3100240196446583e+01
4560 1.1226607618172398e+04 1.3133253009007873e+01
4570 1.1245617148238596e+04 1.3158461052307938e+01
4580 1.1264072774844915e+04 1.3175724811772961e+01
4590 1.1282100618589866e+04 1.3185855087746470e+01
4600 1.1299617930146806e+04 1.3189776594791377e+01
4610 1.1316617298530302e+04 1.3188681260825652e+01
4620 1.1333181339178622e+04 1.3183779888431495e+01
4630 1.1349423312152057e+04 1.3176160451976381e+01
4640 1.1365395365956607e+04 1.3166799760154451e+01
4650 1.1380959653109807e+04 1.3156664057572462e+01
4660 1.1396332921191726e+04 1.3146329711195706e+01
4670 1.1411453444714009e+04 1.3136376429924761e+01
4680 1.1426397011335028e+04 1.3127126061351973e+01
4690 1.1441158977954256e+04 1.3118794897881397e+01
4700 1.1455811027687070e+04 1.3111414188257209e+01
4710 1.1470332756242513e+04 1.3104940299522800e+01
4720 1.1484806833956824e+04 1.3099175970677331e+01
4730 1.1499132231861591e+04 1.3093909428537764e+01
4740 1.1513546867057306e+04 1.3088731552045711e+01
4750 1.1527815809970432e+04 1.3083350549343283e+01
4760 1.1542157362725462e+04 1.3077263899910651e+01
4770 1.1556488038178992e+04 1.3070050335301888e+01
4780 1.1570812023668081e+04 1.3061239812412254e+01
4790 1.1585227862421794e+04 1.3050274805462752e+01
4800 1.1599648091520794e+04 1.3036716045272600e+01
4810 1.1614196276219767e+04 1.3019924089459341e+01
4820 1.1628821112828498e+04 1.2999406968523335e+01
4830 1.1643506387054820e+04 1.2974656941564769e+01
4840 1.1658462369701920e+04 1.2944695927753358e+01
4850 1.1673430081331217e+04 1.2909434015985342e+01
4860 1.1688760889984109e+04 1.2867365802899284e+01
4870 1.1703970099030272e+04 1.2819225635745486e+01
4880 1.1719746692624680e+04 1.2762097479569062e+01
4890 1.1735340037854314e+04 1.2698033856681425e+01
4900 1.1751387038519380e+04 1.2623865908101912e+01
4910 1.1767266025945120e+04 1.2541998908047914e+01
4920 1.1783283612491410e+04 1.2450795178349765e+01
4930 1.1799136551841020e+04 1.2352181040163307e+01
4940 1.1814800383339905e+04 1.2247070436310135e+01
4950 1.1830589179596125e+04 1.2134174047774929e+01
4960 1.1845934199136875e+04 1.2018671307415593e+01
4970 1.1860770444394993e+04 1.1902487199642279e+01
4980 1.1875272041728278e+04 1.1785572908275233e+01
4990 1.1889648912269156e+04 1.1667543198306106e+01
5000 1.1903025976147781e+04 1.1557241126114665e+01
5010 1.1916506585302903e+04 1.1447542550180907e+01
5020 1.1929823955957303e+04 1.1343088945662155e+01
5030 1.1942501205025892e+04 1.1250047404605949e+01
5040 1.1954752905977872e+04 1.1168890502379114e+01
5050 1.1966908844152598e+04 1.1099704204053134e+01
5060 1.1980154177334083e+04 1.1040379015388762e+01
5070 1.1995658528826420e+04 1.0996418917761265e+01
5080 1.2012306460769010e+04 1.0984410439615283e+01
5090 1.2029302239326114e+04 1.1013458109204414e+01
5100 1.2046235187242881e+04 1.1085843436155198e+01
5110 1.2062874671826024e+04 1.1199311849336180e+01
5120 1.2079074057592738e+04 1.1348731833185450e+01
5130 1.2094808875308721e+04 1.1528350601478047e+01
5140 1.2110018084931717e+04 1.1731498123069345e+01
5150 1.2124773382598580e+04 1.1953469231854404e+01
5160 1.2139030337413720e+04 1.2188623296540898e+01
5170 1.2152835121532682e+04 1.2433595074677296e+01
5180 1.2166183444099066e+04 1.2685238179235636e+01
5190 1.2179050653217675e+04 1.2940945326961861e+01
5200 1.2191444632052568e+04 1.3199544046180224e+01
5210 1.2203372408138328e+04 1.3460455226712382e+01
5220 1.2214863698081901e+04 1.3723932152092017e+01
5230 1.2225955107569502e+04 1.3990511853053015e+01
5240 1.2236676215014300e+04 1.4260487553113958e+01
5250 1.2247056604780670e+04 1.4533930990060488e+01
5260 1.2257130777844170e+04 1.4810777609788415e+01
5270 1.2266934864560502e+04 1.5090762001306596e+01
5280 1.2276502955316650e+04 1.5373351643995528e+01
5290 1.2285866276002253e+04 1.5657760738067637e+01
5300 1.2295053651207447e+04 1.5943004402326922e+01
5310 1.2304091972879036e+04 1.6227952070882665e+01
5320 1.2313006465993800e+04 1.6511368382536631e+01
5330 1.2321820868430612e+04 1.6791942671268668e+01
5340 1.2330557611186954e+04 1.7068309939423845e+01
5350 1.2339238021382844e+04 1.7339065567318908e+01
5360 1.2347882541565878e+04 1.7602775616711050e+01
5370 1.2356510953912360e+04 1.7857984581424763e+01
5380 1.2365142601780410e+04 1.8103222555296725e+01
5390 1.2373796605424801e+04 1.8337013808259417e+01
5400 1.2382492073163563e+04 1.8557888643385851e+01
5410 1.2391248309584973e+04 1.8764399990808975e+01
5420 1.2400085030256867e+04 1.8955145781855773e+01
5430 1.2409022588611409e+04 1.9128797366889540e+01
5440 1.2418082233373794e+04 1.9284134201777004e+01
5450 1.2427286387673388e+04 1.9420085405074200e+01
5460 1.2436658944194794e+04 1.9535782246436213e+01
5470 1.2446225481757187e+04 1.9630630377811848e+01
5480 1.2456013211539748e+04 1.9704416263461844e+01
5490 1.2466050535220393e+04 1.9757460737548413e+01
5500 1.2476365836933113e+04 1.9790804016529361e+01
5510 1.2486985696810361e+04 1.9806350832105938e+01
5520 1.2497932502118632e+04 1.9806846790474506e+01
5530 1.2509223427712561e+04 1.9795608458973263e+01
5540 1.2520872597462198e+04 1.9776138423822811e+01
5550 1.2532883401984813e+04 1.9752018298247261e+01
5560 1.2545252689166231e+04 1.9727329542428475e+01
5570 1.2557961962823565e+04 1.9707449821861488e+01
5580 1.2570979275443482e+04 1.9699522741700640e+01
5590 1.2584261197249949e+04 1.9711974152415038e+01
5600 1.2597756766190339e+04 1.9752981651931709e+01
5610 1.2611433134813753e+04 1.9828612800127090e+01
5620 1.2625264933485450e+04 1.9941316059392122e+01
5630 1.2639231521550564e+04 2.0089183230293909e+01
5640 1.2653322800783093e+04 2.0266221402635544e+01
5650 1.2667536262131232e+04 2.0463292260134505e+01
5660 1.2681872908029361e+04 2.0669397075762390e+01
5670 1.2696336044241762e+04 2.0873078283587727e+01
5680 1.2710929994743468e+04 2.1063683473788657e+01
5690 1.2725657772197626e+04 2.1232333751088898e+01
5700 1.2740519024272469e+04 2.1372555495159478e+01
5710 1.2755509249453582e+04 2.1480576553777574e+01
5720 1.2770620368965077e+04 2.1555302515081866e+01
5730 1.2785842339647241e+04 2.1598016596569490e+01
5740 1.2801165375723038e+04 2.1611881124080540e+01
5750 1.2816582274508171e+04 2.1601342046126902e+01
5760 1.2832090336957875e+04 2.1571539697613261e+01
5770 1.2847692496136871e+04 2.1527807572635851e+01
5780 1.2863397483878734e+04 2.1475304046379325e+01
5790 1.2879219105628739e+04 2.1418783016431817e+01
5800 1.2895174911457949e+04 2.1362479893591836e+01
5810 1.2911284733022374e+04 2.1310074694952537e+01
5820 1.2927569671892259e+04 2.1264693533599594e+01
5830 1.2944052096883259e+04 2.1228919175329445e+01
5840 1.2960756932693443e+04 2.1204794347646214e+01
5850 1.2977713950681087e+04 2.1193811238540356e+01
5860 1.2994960024879529e+04 2.1196881232076272e+01
5870 1.3012539735961984e+04 2.1214269067174737e+01
5880 1.3030502741848137e+04 2.1245462564859452e+01
5890 1.3048897241235356e+04 2.1288949515643935e+01
5900 1.3067760485719888e+04 2.1341907483239471e+01
5910 1.3087109359289952e+04 2.1399891430679673e+01
5920 1.3106936442478443e+04 2.1456708885354203e+01
5930 1.3127218318088826e+04 2.1504719361163541e+01
5940 1.3147937893876760e+04 2.1535651905288674e+01
5950 1.3169107860196398e+04 2.1541719788108683e+01
5960 1.3190770927754136e+04 2.1516658364195571e+01
5970 1.3212965339902859e+04 2.1456518184676085e+01
5980 1.3235679855833192e+04 2.1360170582210895e+01
5990 1.3258824789295073e+04 2.1229331510672615e+01
6000 1.3282232447744485e+04 2.1067993454179721e+01
6010 1.3305765306625712e+04 2.0880857687972622e+01
6020 1.3329424063058214e+04 2.0671610895315329e+01
6030 1.3353323629765810e+04 2.0442676938247228e+01
6040 1.3377642230444781e+04 2.0195793482841623e+01
6050 1.3402596103487813e+04 1.9932547696025644e+01
6060 1.3428414418953353e+04 1.9654832438250171e+01
6070 1.3455278045424895e+04 1.9365491445296200e+01
6080 1.3483166663993265e+04 1.9069614145694043e+01
6090 1.3511597692807238e+04 1.8776422230126034e+01
6100 1.3539513353563902e+04 1.8499101593822584e+01
6110 1.3565650223038076e+04 1.8250195584096595e+01
6120 1.3591030822296447e+04 1.8019417932459437e+01
6130 1.3617130529973863e+04 1.7794473409924635e+01
6140 1.3644489781563281e+04 1.7573602314386960e+01
6150 1.3673558859707049e+04 1.7357364116212977e+01
6160 1.3704912336284260e+04 1.7147000264822712e+01
6170 1.3739217551515187e+04 1.6944863903179140e+01
6180 1.3776451304112585e+04 1.6757960612893690e+01
6190 1.3814223224721745e+04 1.6600527231750355e+01
6200 1.3850280642129235e+04 1.6477205939477876e+01
6210 1.3884366939200592e+04 1.6381542580127668e+01
6220 1.3916918381200523e+04 1.6306132562458238e+01
6230 1.3948484699280156e+04 1.6245189275622579e+01
6240 1.3978834011147976e+04 1.6195724484240287e+01
6250 1.4008659225229849e+04 1.6154265447748827e+01
6260 1.4038328118619726e+04 1.6119219170603255e+01
6270 1.4067733325823392e+04 1.6090534201840768e+01
6280 1.4096709046402180e+04 1.6068787896694829e+01
6290 1.4125222537481635e+04 1.6054697407495507e+01
6300 1.4153291789778030e+04 1.6048863836617972e+01
6310 1.4180938733188736e+04 1.6051488857968049e+01
6320 1.4208181440119846e+04 1.6062208572827650e+01
6330 1.4235040962111905e+04 1.6080124599429542e+01
6340 1.4261544596923211e+04 1.6104000186370733e+01
6350 1.4287722139751237e+04 1.6132525577571588e+01
6360 1.4313601049113120e+04 1.6164564636458934e+01
6370 1.4339205986916222e+04 1.6199328125865428e+01
6380 1.4364563013849234e+04 1.6236443399064409e+01
6390 1.4389704518681685e+04 1.6275907266269421e+01
6400 1.4414670390658184e+04 1.6317926785742365e+01
6410 1.4439504187959463e+04 1.6362671699564029e+01
6420 1.4464247606435953e+04 1.6409982127535738e+01
6430 1.4488937504017656e+04 1.6459097878529594e+01
6440 1.4513603292752949e+04 1.6508494775222985e+01
6450 1.4538251803201198e+04 1.6555912810282273e+01
6460 1.4562827908105864e+04 1.6598702797464458e+01
6470 1.4587177280359785e+04 1.6634950776433502e+01
6480 1.4611094298622906e+04 1.6665873011357057e+01
6490 1.4634437956554226e+04 1.6698079917087377e+01
6500 1.4657151816895584e+04 1.6742989033834270e+01
6510 1.4679226506327434e+04 1.6813194461974064e+01
6520 1.4700699875406977e+04 1.6918388240862964e+01
6530 1.4721645447067571e+04 1.7063111555291055e+01
6540 1.4742151408543870e+04 1.7246554773395108e+01
6550 1.4762311507923201e+04 1.7463549755452497e+01
6560 1.4782217992643800e+04 1.7705835801662889e+01
6570 1.4801954432744698e+04 1.7963147640410458e+01
6580 1.4821591934503558e+04 1.8224146276570153e+01
6590 1.4841190898035260e+04 1.8477375459561095e+01
6600 1.4860807478479925e+04 1.8712313728388160e+01
6610 1.4880500636800958e+04 1.8920391768903649e+01
6620 1.4900335021840714e+04 1.9095773828085981e+01
6630 1.4920378407031745e+04 1.9235807526984477e+01
6640 1.4940696100568448e+04 1.9341164859440656e+01
6650 1.4961343700074465e+04 1.9415718631817331e+01
6660 1.4982355605805633e+04 1.9466197887873523e+01
6670 1.5003730760984621e+04 1.9501725678546741e+01
6680 1.5025430069869972e+04 1.9533414608482559e+01
6690 1.5047401429407735e+04 1.9574067025482687e+01
6700 1.5069614771788405e+04 1.9637511611199688e+01
6710 1.5092067085360693e+04 1.9736843683552664e+01
6720 1.5114769177951026e+04 1.9881678541426144e+01
6730 1.5137734138119897e+04 2.0075637688107044e+01
6740 1.5160972972107653e+04 2.0315262257053902e+01
6750 1.5184494546116390e+04 2.0590563829733878e+01
6760 1.5208295697142847e+04 2.0886501139969905e+01
6770 1.5232346302527956e+04 2.1184839494012099e+01
6780 1.5256594916358114e+04 2.1466553692704053e+01
6790 1.5281010435492255e+04 2.1714721078264574e+01
6800 1.5305617877239114e+04 2.1916681058157256e+01
6810 1.5330468803136000e+04 2.2064585986745822e+01
6820 1.5355589594831519e+04 2.2155367026477329e+01
6830 1.5381012448139683e+04 2.2190731903785181e+01
6840 1.5406753265635907e+04 2.2176391321160388e+01
6850 1.5432758342440884e+04 2.2121417214914192e+01
6860 1.5459066145447887e+04 2.2036924069549467e+01
6870 1.5485861601896930e+04 2.1934146742414022e+01
6880 1.5513380114540243e+04 2.1823519306101382e+01
6890 1.5541850749960528e+04 2.1713912871430878e+01
6900 1.5571470501248599e+04 2.1611387924586854e+01
6910 1.5602360538363968e+04 2.1517880006007882e+01
6920 1.5634497007980888e+04 2.1430849763502671e+01
6930 1.5667675021736297e+04 2.1344952215597115e+01
6940 1.5701605610904291e+04 2.1255377385855791e+01
6950 1.5736103421964399e+04 2.1160531721026960e+01
6960 1.5771167981160463e+04 2.1062191768468303e+01
6970 1.5806902936528537e+04 2.0963641865160529e+01
6980 1.5843380103950934e+04 2.0867227265818400e+01
6990 1.5880553117342643e+04 2.0772361356582959e+01
7000 1.5918282286334057e+04 2.0674783005825617e+01
7010 1.5956433239687329e+04 2.0567546365614099e+01
7020 1.5994967870292539e+04 2.0443246779015499e+01
7030 1.6034002633606084e+04 2.0296311988386467e+01
7040 1.6073813732088318e+04 2.0124668355467076e+01
7050 1.6114743554572220e+04 1.9931023579450990e+01
7060 1.6156907831142245e+04 1.9724542419668211e+01
7070 1.6199692170975726e+04 1.9522197535829719e+01
7080 1.6241883059781734e+04 1.9343640930779706e+01
7090 1.6282792831660481e+04 1.9200551799425256e+01
7100 1.6322517426020326e+04 1.9094720396114862e+01
7110 1.6361402477535052e+04 1.9022046210231821e+01
7120 1.6399782672638565e+04 1.8974987512134298e+01
7130 1.6437953268629844e+04 1.8943795472746547e+01
7140 1.6476133470667512e+04 1.8917463500781487e+01
7150 1.6514404820570395e+04 1.8884727562658096e+01
7160 1.6552748188176185e+04 1.8835528416025195e+01
7170 1.6591214435591246e+04 1.8762644005609864e+01
7180 1.6630063844834636e+04 1.8662673116821473e+01
7190 1.6669764530437275e+04 1.8536507658746146e+01
7200 1.6710861759086703e+04 1.8390448900504673e+01
7210 1.6753654409489529e+04 1.8238891910450018e+01
7220 1.6797834611289079e+04 1.8105623745273153e+01
7230 1.6842801129950909e+04 1.8016481112497196e+01
7240 1.6888278450335965e+04 1.7987753062574068e+01
7250 1.6934202172556859e+04 1.8021129177236904e+01
7260 1.6980405751035953e+04 1.8104776820381105e+01
7270 1.7026536562001893e+04 1.8218440722248317e+01
7280 1.7072065596418743e+04 1.8340284461987935e+01
7290 1.7116542239648366e+04 1.8453315216531124e+01
7300 1.7159959515736482e+04 1.8548949102534962e+01
7310 1.7202701556262447e+04 1.8625958777638090e+01
7320 1.7245173198191893e+04 1.8687608696068590e+01
7330 1.7287490654891870e+04 1.8739654658479331e+01
7340 1.7329512537727147e+04 1.8789165830253516e+01
7350 1.7371202206879010e+04 1.8843387694958878e+01
7360 1.7412841259957451e+04 1.8908516325939537e+01
7370 1.7454907606335451e+04 1.8988521929964378e+01
7380 1.7497786896158326e+04 1.9083891897643294e+01
7390 1.7541385860883871e+04 1.9190715424195318e+01
7400 1.7585052828436696e+04 1.9302470845969633e+01
7410 1.7628275940590447e+04 1.9415437123086004e+01
7420 1.7671148031923200e+04 1.9531384120554538e+01
7430 1.7714045279784790e+04 1.9654483576223694e+01
7440 1.7757241768473006e+04 1.9786294097182651e+01
7450 1.7800749110634857e+04 1.9922030654672760e+01
7460 1.7844357391778627e+04 2.0050593461086443e+01
7470 1.7887939990533832e+04 2.0159411515633806e+01
7480 1.7931802391540994e+04 2.0240402309043933e+01
7490 1.7976639056635006e+04 2.0292707245957196e+01
7500 1.8022986634773817e+04 2.0323381644663296e+01
7510 1.8070298790290621e+04 2.0347172289177223e+01
7520 1.8117233854881601e+04 2.0380933721807470e+01
7530 1.8163399189134736e+04 2.0434102159754225e+01
7540 1.8209425897870875e+04 2.0505119620497425e+01
7550 1.8256141927906974e+04 2.0582217105829876e+01
7560 1.8303867424362965e+04 2.0644817981310915e+01
7570 1.8351991853898806e+04 2.0669583658744056e+01
7580 1.8399997103954556e+04 2.0642604224498513e+01
7590 1.8448501074026342e+04 2.0563949349753514e+01
7600 1.8498633199872103e+04 2.0445394657886212e+01
7610 1.8550903184529296e+04 2.0310961873398032e+01
7620 1.8604809018165848e+04 2.0191338349471597e+01
7630 1.8659854415506372e+04 2.0105945074245348e+01
7640 1.8715813554479020e+04 2.0053354966978780e+01
7650 1.8772185087183279e+04 2.0017055713258614e+01
7660 1.8828592705217936e+04 1.9977633102098203e+01
7670 1.8885367314473566e+04 1.9922185628365050e+01
7680 1.8943136471339094e+04 1.9846659180110347e+01
7690 1.9001886374921574e+04 1.9755408542642659e+01
7700 1.9060908292641572e+04 1.9658640389831415e+01
7710 1.9120149526898007e+04 1.9565885474869091e+01
7720 1.9180671401044769e+04 1.9482224358247954e+01
7730 1.9243380794557670e+04 1.9409939776247466e+01
7740 1.9306794535777430e+04 1.9351400869853350e+01
7750 1.9368775441353268e+04 1.9307637582228693e+01
7760 1.9430024764510705e+04 1.9277046477817823e+01
7770 1.9492125492601848e+04 1.9256660890103941e+01
7780 1.9555138250889537e+04 1.9240831906944766e+01
7790 1.9617482609629362e+04 1.9221828801399472e+01
7800 1.9679038170826214e+04 1.9194843680599476e+01
7810 1.9741764195184751e+04 1.9161823605852319e+01
7820 1.9807565126586167e+04 1.9133892807592058e+01
7830 1.9874983359396530e+04 1.9130482617565928e+01
7840 1.9940855011983393e+04 1.9163615849101603e+01
7850 2.0005717292313166e+04 1.9229180169118422e+01
7860 2.0071666165627666e+04 1.9312944880397154e+01
7870 2.0139529478557721e+04 1.9392996478051963e+01
7880 2.0207793449828569e+04 1.9448208721068681e+01
7890 2.0275783027048376e+04 1.9475534431348336e+01
7900 2.0344609348483220e+04 1.9490738685857288e+01
7910 2.0414888332515769e+04 1.9517256261923503e+01
7920 2.0486485760116313e+04 1.9571178809282703e+01
7930 2.0558431692954782e+04 1.9649092532903094e+01
7940 2.0629542940963391e+04 1.9732717008897875e+01
7950 2.0700781241764347e+04 1.9806540498541349e+01
7960 2.0773457713175416e+04 1.9863247147408238e+01
7970 2.0846190927283627e+04 1.9901816076304709e+01
7980 2.0918171865306856e+04 1.9927534059516987e+01
7990 2.0991323578739604e+04 1.9947216738619218e+01
8000 2.1065849146022287e+04 1.9965465873246561e+01
8010 2.1139075343005843e+04 1.9984279605791134e+01
8020 2.1211777668926254e+04 2.0003253632882220e+01
8030 2.1286371820513574e+04 2.0017128656617345e+01
8040 2.1361445001704051e+04 2.0014861817993104e+01
8050 2.1434996948759283e+04 1.9989145924009652e+01
8060 2.1509945721349683e+04 1.9942076925790641e+01
8070 2.1589568571563286e+04 1.9885661381384327e+01
8080 2.1670909602397540e+04 1.9841634770307881e+01
8090 2.1751694549571912e+04 1.9818364385077604e+01
8100 2.1835031560254414e+04 1.9803111727410894e+01
8110 2.1921338972669077e+04 1.9775277831171099e+01
8120 2.2008026223793637e+04 1.9725562234220504e+01
8130 2.2095881874375144e+04 1.9664549590523194e+01
8140 2.2186585747396170e+04 1.9611963004758341e+01
8150 2.2280191129099338e+04 1.9579553952348327e+01
8160 2.2374098677604081e+04 1.9561319229752151e+01
8170 2.2468846312104710e+04 1.9543711931585328e+01
8180 2.2565974716381206e+04 1.9520802042971280e+01
8190 2.2661382951195345e+04 1.9497436252900304e+01
8200 2.2757791960927316e+04 1.9480885614153912e+01
8210 2.2857500951911530e+04 1.9478945874403340e+01
8220 2.2952764548407155e+04 1.9494525930257158e+01
8230 2.3047509231564341e+04 1.9522306766064737e+01
8240 2.3146333758582281e+04 1.9552103872950969e+01
8250 2.3242954983440912e+04 1.9572178539352802e+01
8260 2.3340359935463057e+04 1.9586898866903777e+01
8270 2.3442783543528629e+04 1.9612466099513881e+01
8280 2.3544185954820390e+04 1.9657156518215196e+01
8290 2.3647728508211800e+04 1.9711319390328434e+01
8300 2.3756736701649428e+04 1.9755544791818167e+01
8310 2.3866805137849242e+04 1.9780796269647613e+01
8320 2.3979808054980189e+04 1.9801860505850325e+01
8330 2.4095178833487287e+04 1.9830171359532297e+01
8340 2.4209665830411508e+04 1.9856350041924539e+01
8350 2.4326979090522280e+04 1.9866202637354068e+01
8360 2.4440369108047016e+04 1.9856262682702766e+01
8370 2.4556302708877138e+04 1.9834813477651448e+01
8380 2.4676509648122821e+04 1.9812424760953682e+01
8390 2.4794413213837463e+04 1.9793388988803358e+01
8400 2.4918190441969684e+04 1.9767074904605845e+01
8410 2.5039984788796308e+04 1.9727972282504226e+01
8420 2.5167273091369156e+04 1.9683886176833528e+01
8430 2.5299710324834290e+04 1.9650508634150530e+01
8440 2.5434477742472180e+04 1.9625718332311656e+01
8450 2.5574941630381625e+04 1.9596773378644038e+01
8460 2.5716011338475833e+04 1.9570973381521203e+01
8470 2.5860123265712980e+04 1.9564008007195330e+01
8480 2.5999088312922493e+04 1.9575043452025508e+01
8490 2.6143620843901470e+04 1.9593277446467933e+01
8500 2.6284731966988453e+04 1.9613962872003590e+01
8510 2.6428937730914568e+04 1.9644025682456807e+01
8520 2.6568375796282708e+04 1.9683970421282428e+01
8530 2.6714107826694948e+04 1.9726230217303954e+01
8540 2.6862219158580625e+04 1.9758616848989586e+01
8550 2.7016716706762410e+04 1.9786939743722350e+01
8560 2.7176338146043443e+04 1.9813636800858969e+01
8570 2.7341358029763433e+04 1.9822306196057120e+01
8580 2.7504299136166166e+04 1.9809285177086423e+01
8590 2.7675719900202039e+04 1.9787585127661796e+01
8600 2.7847271371510520e+04 1.9760029077463585e+01
8610 2.8019153853941640e+04 1.9722465137429293e+01
8620 2.8196191784552324e+04 1.9681853096628647e+01
8630 2.8378025170000365e+04 1.9648715537663985e+01
8640 2.8567676938531637e+04 1.9621237859927430e+01
8650 2.8764058179381653e+04 1.9604861045010541e+01
8660 2.8959412095249361e+04 1.9612000861167260e+01
8670 2.9160489684135267e+04 1.9634218587391715e+01
8680 2.9359796482042668e+04 1.9664525766505566e+01
8690 2.9552915458772037e+04 1.9703140813170258e+01
8700 2.9751433525364813e+04 1.9741464991935182e+01
8710 2.9953107974821047e+04 1.9770640457971925e+01
8720 3.0165243707075751e+04 1.9789738499019240e+01
8730 3.0385918353752186e+04 1.9787877347672030e+01
8740 3.0614900111889947e+04 1.9765607787964736e+01
8750 3.0851912261954338e+04 1.9733804075160890e+01
8760 3.1083697646163844e+04 1.9695760327440212e+01
8770 3.1323983715469538e+04 1.9661647727682514e+01
8780 3.1572771080886105e+04 1.9639977948847992e+01
8790 3.1835298744733020e+04 1.9637976464631585e+01
8800 3.2098913239448390e+04 1.9659201228551161e+01
8810 3.2368683179265925e+04 1.9692279680690547e+01
8820 3.2624500056598106e+04 1.9728209225197155e+01
8830 3.2884993717917787e+04 1.9756166758684703e+01
8840 3.3157599241174372e+04 1.9767980540146894e+01
8850 3.3449170940623917e+04 1.9756658887255451e+01
8860 3.3759715589196443e+04 1.9726827066854057e+01
8870 3.4068647414724255e+04 1.9691990420801297e+01
8880 3.4376050510001092e+04 1.9665517374659373e+01
8890 3.4695775681598781e+04 1.9658664946426651e+01
8900 3.5034854396071649e+04 1.9676316396174013e+01
8910 3.5383000395071038e+04 1.9708454432429370e+01
8920 3.5715943886095825e+04 1.9737826373910291e+01
8930 3.6047484595076028e+04 1.9750614943928294e+01
8940 3.6407364753345370e+04 1.9740536726488788e+01
8950 3.6799959667305753e+04 1.9711515593185585e+01
8960 3.7194701215346882e+04 1.9683161871087048e+01
8970 3.7578325943546151e+04 1.9673779773219739e+01
8980 3.7985799448909296e+04 1.9688505739607145e+01
8990 3.8415763672917143e+04 1.9717189233652768e+01
9000 3.8834744225434224e+04 1.9736903747702591e+01
9010 3.9243557572538390e+04 1.9734350236238150e+01
9020 3.9710032662299302e+04 1.9711264760847271e+01
9030 4.0203116113303608e+04 1.9687979731316346e+01
9040 4.0660087046550732e+04 1.9686770542619538e+01
9050 4.1151733689131892e+04 1.9706445047776732e+01
9060 4.1681311985256660e+04 1.9727485877401183e+01
9070 4.2161914338828457e+04 1.9727148388977412e+01
9080 4.2703881963004111e+04 1.9707756566808083e+01
9090 4.3296075103048235e+04 1.9692051057146614e+01
9100 4.3819549876481084e+04 1.9699118661546642e+01
9110 4.4445810521137595e+04 1.9719082630703682e+01
9120 4.5026562488767311e+04 1.9722865403953300e+01
9130 4.5621156248625826e+04 1.9708452058708289e+01
9140 4.6324807551355683e+04 1.9697066124048686e+01
9150 4.6922914918609029e+04 1.9706288159392365e+01
9160 4.7671288475466099e+04 1.9719679812391973e+01
9170 4.8303480748984497e+04 1.9713779497671414e+01
9180 4.9096595723841383e+04 1.9701077596517258e+01
9190 4.9779616141964529e+04 1.9706041899255681e+01
9200 5.0601437629910601e+04 1.9716755312607770e+01
9210 5.1326175216234893e+04 1.9711325020410143e+01
9220 5.2203203206851875e+04 1.9703392327243876e+01
9230 5.2984090738048108e+04 1.9710364716694116e+01
9240 5.3888601138416328e+04 1.9714028010255454e+01
9250 5.4775181198143102e+04 1.9706261739693925e+01
9260 5.5677595668886861e+04 1.9708060908800405e+01
9270 5.6652732763463056e+04 1.9713270658732593e+01
9280 5.7598078016659856e+04 1.9707921579574304e+01
9290 5.8582332064322109e+04 1.9708327996505858e+01
9300 5.9581470941021740e+04 1.9712274839932572e+01
9310 6.0581470941021740e+04 1.9708360216078944e+01
9320 6.1581470941021740e+04 1.9708980225749812e+01
9330 6.2581470941021740e+04 1.9711538573761800e+01
9340 6.3581470941021740e+04 1.9708692133142204e+01
9350 6.4581470941021740e+04 1.9709407188326132e+01
9360 6.5581470941021747e+04 1.9711034667463544e+01
9370 6.6581470941021747e+04 1.9708991701885637e+01
9380 6.7581470941021747e+04 1.9709686581299650e+01
9390 6.8581470941021747e+04 1.9710700613237258e+01
9400 6.9581470941021747e+04 1.9709253154370781e+01
9410 7.0581470941021747e+04 1.9709873126114619e+01
9420 7.1581470941021747e+04 1.9710489326250066e+01
9430 7.2581470941021747e+04 1.9709477433690591e+01
9440 7.3581470941021747e+04 1.9710002833833595e+01
9450 7.4581470941021747e+04 1.9710365861008125e+01
9460 7.5581470941021747e+04 1.9709668684191666e+01
9470 7.6581470941021747e+04 1.9710099006957574e+01
9480 7.7581470941021747e+04 1.9710304597603756e+01
9490 7.8581470941021747e+04 1.9709832209244421e+01
9500 7.9581470941021747e+04 1.9710176426965518e+01
9510 8.0581470941021747e+04 1.9710286971078141e+01
9520 8.1581470941021747e+04 1.9709973362923808e+01
9530 8.2581470941021747e+04 1.9710244244583365e+01
9540 8.3581470941021747e+04 1.9710299676959689e+01
9550 8.4581470941021747e+04 1.9710096999884822e+01
9560 8.5581470941021747e+04 1.9710307946181533e+01
9570 8.6581470941021747e+04 1.9710333279318291e+01
9580 8.7581470941021747e+04 1.9710207251728974e+01
9590 8.8581470941021747e+04 1.9710370675471157e+01
9600 8.9581470941021747e+04 1.9710381151656588e+01
9610 9.0581470941021747e+04 1.9710307486879657e+01
9620 9.1581470941021747e+04 1.9710434111148572e+01
9630 9.2581470941021747e+04 1.9710438684544616e+01
9640 9.3581470941021747e+04 1.9710400365243704e+01
9650 9.4581470941021747e+04 1.9710499041424161e+01
9660 9.5581470941021747e+04 1.9710502701205403e+01
9670 9.6581470941021747e+04 1.9710487934343597e+01
9680 9.7581470941021747e+04 1.9710565733751693e+01
9690 9.8581470941021747e+04 1.9710571031910249e+01
9700 9.9581470941021747e+04 1.9710571736536469e+01
