0 0.0000000000000000e+00 1.0000000000000022e+00
10 1.3000000000000000e-01 1.0067262731331110e+00
20 9.9758181492900899e-01 1.0495591114494407e+00
30 2.1889901613715295e+00 1.1035875293962569e+00
40 3.4790398730904299e+00 1.1574480075452933e+00
50 4.9459937401529057e+00 1.2145452787901809e+00
60 6.9929599962162605e+00 1.2893569772383251e+00
70 9.2200475589163364e+00 1.3669484412103086e+00
80 1.1654729291835144e+01 1.4496499985053366e+00
90 1.4139373803529603e+01 1.5336110602297957e+00
100 1.6826791743475173e+01 1.6255069117867893e+00
110 1.9190163740981799e+01 1.7082724036250416e+00
120 2.2119285127960605e+01 1.8145241660334983e+00
130 2.5145534973273850e+01 1.9297557182379093e+00
140 2.8324084768334878e+01 2.0580530778145212e+00
150 3.1272478326888280e+01 2.1848476222413735e+00
160 3.3995038339721425e+01 2.3095118624501092e+00
170 3.6416935148134762e+01 2.4272233459087778e+00
180 3.8997227526605336e+01 2.5604074503928960e+00
190 4.1656010618972303e+01 2.7068370484844806e+00
200 4.4214543477170594e+01 2.8573897921519649e+00
210 4.6329485217565484e+01 2.9896015764054504e+00
220 4.8849009550222846e+01 3.1570501704526324e+00
230 5.0947981453640466e+01 3.3054520628642816e+00
240 5.2843516829520830e+01 3.4469503197114402e+00
250 5.5113696701830293e+01 3.6264363426277613e+00
260 5.6936326236932111e+01 3.7789866495425679e+00
270 5.8681380446933517e+01 3.9325667321694233e+00
280 6.0617782576223235e+01 4.1121382051619495e+00
290 6.2580957611839558e+01 4.3046387994554012e+00
300 6.4785156739950352e+01 4.5341428028489839e+00
310 6.6842368544673093e+01 4.7619365584230797e+00
320 6.9214623285224135e+01 5.0419878430038372e+00
330 7.1248751962244853e+01 5.2978208061952943e+00
340 7.3104230965240305e+01 5.5444787587529065e+00
350 7.5413457900825918e+01 5.8699526850555168e+00
360 7.7755903702246513e+01 6.2218408100399678e+00
370 7.9895884682997760e+01 6.5629650728760005e+00
380 8.1610207027020934e+01 6.8499457193166418e+00
390 8.3286814946728299e+01 7.1424075192471559e+00
400 8.5025044387660998e+01 7.4577939022449407e+00
410 8.6643886738211620e+01 7.7624140446308392e+00
420 8.8367901151748711e+01 8.0979620823922946e+00
430 9.0266212404736194e+01 8.4800156112987111e+00
440 9.1949874712152806e+01 8.8291027173459842e+00
450 9.3568399125442284e+01 9.1729094080948101e+00
460 9.5475967512888090e+01 9.5872171155038508e+00
470 9.7360996278554055e+01 1.0004745024071307e+01
480 9.9207386610211074e+01 1.0419806335511899e+01
490 1.0111283404412620e+02 1.0852529284906216e+01
500 1.0304666743502311e+02 1.1294120990916738e+01
510 1.0492500525757252e+02 1.1723251181075359e+01
520 1.0668178601251924e+02 1.2122941114616264e+01
530 1.0880750323403174e+02 1.2601961699250213e+01
540 1.1059921977830035e+02 1.2999824967099668e+01
550 1.1251530435288946e+02 1.3417390029095117e+01
560 1.1446486543314730e+02 1.3832002437519515e+01
570 1.1669500185756965e+02 1.4291376675713170e+01
580 1.1854771764835270e+02 1.4659335086727650e+01
590 1.2078348805788681e+02 1.5085142428923112e+01
600 1.2298797490850382e+02 1.5483995000356762e+01
610 1.2524395290171709e+02 1.5869322007070759e+01
620 1.2750200837559572e+02 1.6230955009819493e+01
630 1.2969137966256713e+02 1.6558072161707759e+01
640 1.3195973892153674e+02 1.6872314634578089e+01
650 1.3464532230746309e+02 1.7211932123968701e+01
660 1.3725184085347402e+02 1.7508370473024218e+01
670 1.3967488899057506e+02 1.7755320675329642e+01
680 1.4248622258600230e+02 1.8008445277344212e+01
690 1.4496422709664506e+02 1.8203027297615808e+01
700 1.4774090248217507e+02 1.8390896352413790e+01
710 1.5063459890540659e+02 1.8554701814796200e+01
720 1.5333044778142681e+02 1.8679837214638027e+01
730 1.5626578526193555e+02 1.8788110035141877e+01
740 1.5943678175308474e+02 1.8874879193252159e+01
750 1.6281664406047435e+02 1.8935931959137978e+01
760 1.6562318289699243e+02 1.8964277649116351e+01
770 1.6870946455661391e+02 1.8974305722616997e+01
780 1.7237379912583165e+02 1.8960434956977132e+01
790 1.7667540108361379e+02 1.8912861403658855e+01
800 1.8106902434789328e+02 1.8834394350219505e+01
810 1.8577203181716334e+02 1.8722387182193984e+01
820 1.9030822677092630e+02 1.8591697991590912e+01
830 1.9513617207274456e+02 1.8432821941614097e+01
840 2.0035098450087469e+02 1.8243120702877686e+01
850 2.0718490044795661e+02 1.7973471253854054e+01
860 2.1367564477235413e+02 1.7702247414457613e+01
870 2.1870310049768844e+02 1.7485815152821978e+01
880 2.2385765785684453e+02 1.7260652758251862e+01
890 2.2919102571508779e+02 1.7026201690795109e+01
900 2.3469332106000212e+02 1.6784517339458937e+01
910 2.4037901640360437e+02 1.6536526912631494e+01
920 2.4626494149276147e+02 1.6283000236374392e+01
930 2.5244074802767994e+02 1.6021616820961164e+01
940 2.5882669968945822e+02 1.5757243481671102e+01
950 2.6552380494859364e+02 1.5487156063468214e+01
960 2.7239865012845007e+02 1.5218031494934415e+01
970 2.7980476203429060e+02 1.4937640627684660e+01
980 2.8741459887335265e+02 1.4659942593393581e+01
990 2.9541439850098305e+02 1.4379298688253693e+01
1000 3.0382156462558964e+02 1.4096551468790633e+01
1010 3.1251856074341731e+02 1.3816752120596517e+01
1020 3.2192134253231723e+02 1.3528126339187502e+01
1030 3.3197577595986564e+02 1.3234600133288097e+01
1040 3.4243930648576384e+02 1.2944687716570893e+01
1050 3.5362123300424918e+02 1.2651215360507409e+01
1060 3.6584302266385544e+02 1.2348331227161573e+01
1070 3.7905765967319007e+02 1.2040157876193579e+01
1080 3.9302132580080331e+02 1.1734449936132647e+01
1090 4.0788647295831407e+02 1.1429491557012032e+01
1100 4.2440978820588452e+02 1.1112978772887617e+01
1110 4.4264408454984948e+02 1.0788430021121520e+01
1120 4.6220220226869856e+02 1.0466191648067030e+01
1130 4.8274855682367291e+02 1.0153469070925984e+01
1140 5.0532003644464572e+02 9.8371139507885790e+00
1150 5.2912999390797552e+02 9.5308933062539314e+00
1160 5.5466796638613960e+02 9.2303380927288980e+00
1170 5.8156300842857445e+02 8.9415284605203365e+00
1180 6.0988324634797789e+02 8.6646787201528372e+00
1190 6.3955116822766661e+02 8.4012469033517387e+00
1200 6.7060946256496266e+02 8.1512921584722342e+00
1210 7.0306314895754826e+02 7.9150770987676209e+00
1220 7.3705850620985007e+02 7.6918144267357480e+00
1230 7.7368716542205016e+02 7.4756274574987822e+00
1240 8.1492297142530526e+02 7.2586811414707224e+00
1250 8.6012625991023185e+02 7.0486893546745986e+00
1260 9.0230906706173062e+02 6.8753623360097187e+00
1270 9.4064434811841659e+02 6.7342844937340196e+00
1280 9.7627219862660002e+02 6.6155168660865593e+00
1290 1.0095698942147674e+03 6.5141001439170347e+00
1300 1.0411306849726204e+03 6.4256696030090543e+00
1310 1.0711054137773376e+03 6.3479820140414471e+00
1320 1.0996972835163424e+03 6.2791120060372778e+00
1330 1.1271901971087173e+03 6.2173301309757143e+00
1340 1.1537330202719349e+03 6.1615155077783683e+00
1350 1.1797024446054393e+03 6.1103096282375704e+00
1360 1.2054469139591222e+03 6.0626731672203062e+00
1370 1.2310965807123498e+03 6.0181506630341026e+00
1380 1.2566298604731971e+03 5.9766290230305721e+00
1390 1.2820995483136933e+03 5.9379257682035913e+00
1400 1.3087296537619536e+03 5.9003456527679612e+00
1410 1.3363208374392618e+03 5.8645852128915772e+00
1420 1.3639858326230888e+03 5.8321368544670609e+00
1430 1.3912780191411582e+03 5.8037377732030393e+00
1440 1.4178929191524537e+03 5.7798627447249453e+00
1450 1.4437064832759811e+03 5.7607526091514334e+00
1460 1.4688875834157243e+03 5.7464651557242066e+00
1470 1.4935856483982363e+03 5.7372227339081050e+00
1480 1.5181967138201635e+03 5.7334174276232162e+00
1490 1.5434878486276725e+03 5.7360311993312889e+00
1500 1.5698052653639340e+03 5.7469966916832362e+00
1510 1.5970346477679573e+03 5.7688442759000989e+00
1520 1.6250627521298775e+03 5.8046000392234873e+00
1530 1.6537026916054704e+03 5.8575134642399069e+00
1540 1.6826240893938502e+03 5.9303447246425947e+00
1550 1.7114002632428228e+03 6.0246609075745363e+00
1560 1.7396435298326489e+03 6.1408754956864104e+00
1570 1.7670801846311790e+03 6.2789463376026253e+00
1580 1.7935294376592424e+03 6.4389808182358967e+00
1590 1.8188778762590864e+03 6.6214565610498655e+00
1600 1.8430998107489527e+03 6.8273045428786538e+00
1610 1.8662824925204548e+03 7.0579634274666878e+00
1620 1.8885847939220948e+03 7.3148656494040258e+00
1630 1.9100871844480796e+03 7.5971566187329183e+00
1640 1.9306161555061819e+03 7.8977903430432024e+00
1650 1.9498948903481451e+03 8.2044354438228080e+00
1660 1.9679464789595540e+03 8.5075616714364113e+00
1670 1.9851008874703491e+03 8.8036367584281816e+00
1680 2.0017712655644636e+03 9.0922524464647783e+00
1690 2.0183202218540832e+03 9.3731383486234865e+00
1700 2.0349686362470613e+03 9.6439040118174795e+00
1710 2.0517317091434311e+03 9.8992851844134826e+00
1720 2.0685386710347270e+03 1.0134457527822867e+01
1730 2.0854562462463991e+03 1.0349380607870280e+01
1740 2.1026923837678687e+03 1.0548611643054992e+01
1750 2.1204631461071513e+03 1.0738807681682735e+01
1760 2.1389494122511742e+03 1.0926403382487969e+01
1770 2.1583512591671069e+03 1.1114834680912132e+01
1780 2.1788779955526611e+03 1.1301097672066415e+01
1790 2.2005977211992149e+03 1.1473584689946877e+01
1800 2.2233130254191392e+03 1.1614811298508327e+01
1810 2.2466907687494199e+03 1.1709110126271689e+01
1820 2.2704911842048750e+03 1.1747947869811428e+01
1830 2.2946323619360292e+03 1.1729436636192265e+01
1840 2.3191747398338175e+03 1.1655993630340397e+01
1850 2.3443186120264554e+03 1.1532703488521587e+01
1860 2.3703593695075006e+03 1.1366969830189401e+01
1870 2.3975146592982032e+03 1.1169919112406330e+01
1880 2.4256758729506532e+03 1.0957977052738137e+01
1890 2.4545196698151117e+03 1.0748934823836342e+01
1900 2.4839905321039437e+03 1.0554231443173485e+01
1910 2.5143859599551315e+03 1.0378028101734806e+01
1920 2.5460785998903862e+03 1.0221567197002962e+01
1930 2.5791926636032849e+03 1.0087004262813544e+01
1940 2.6132475839388635e+03 9.9785995263701697e+00
1950 2.6470811528503650e+03 9.8997061747275090e+00
1960 2.6796363111110923e+03 9.8479962389787499e+00
1970 2.7107684951998790e+03 9.8161545667753618e+00
1980 2.7410091733888162e+03 9.7963828054968811e+00
1990 2.7710015204547476e+03 9.7828929729694050e+00
2000 2.8011578658825251e+03 9.7728368364856220e+00
2010 2.8317056441487161e+03 9.7673504542256406e+00
2020 2.8629886152123927e+03 9.7725641298979067e+00
2030 2.8952002439611479e+03 9.7988637353549510e+00
2040 2.9279384290531525e+03 9.8549551562271169e+00
2050 2.9610211547323493e+03 9.9410799943206207e+00
2060 2.9948853264244322e+03 1.0049567465219965e+01
2070 3.0298204797911822e+03 1.0167166677563529e+01
2080 3.0654328051987804e+03 1.0277822799617514e+01
2090 3.1009813962087383e+03 1.0368500539427099e+01
2100 3.1362669712541328e+03 1.0433600552934585e+01
2110 3.1719499145300156e+03 1.0473304504321701e+01
2120 3.2088452643297460e+03 1.0490028660666395e+01
2130 3.2464519951986636e+03 1.0488197276445778e+01
2140 3.2836942962152552e+03 1.0474964576818252e+01
2150 3.3211291932231429e+03 1.0456357836388159e+01
2160 3.3601186798097228e+03 1.0435486349072246e+01
2170 3.4016274189563665e+03 1.0413153134123016e+01
2180 3.4450743461184920e+03 1.0387916218109977e+01
2190 3.4888755973998113e+03 1.0356432314503602e+01
2200 3.5327903382982781e+03 1.0315350758806975e+01
2210 3.5777175635242984e+03 1.0264441931733787e+01
2220 3.6245572486832957e+03 1.0209795308530399e+01
2230 3.6730968488760432e+03 1.0164717992783888e+01
2240 3.7221859711073439e+03 1.0141774673419736e+01
2250 3.7721653918957104e+03 1.0143442372031432e+01
2260 3.8238474940326951e+03 1.0164595285825012e+01
2270 3.8755692803235547e+03 1.0195050545638221e+01
2280 3.9259868638466901e+03 1.0224909381044350e+01
2290 3.9771621322542869e+03 1.0250263385969561e+01
2300 4.0311506447996862e+03 1.0271317658284520e+01
2310 4.0859553599410274e+03 1.0290740578860795e+01
2320 4.1407939877092740e+03 1.0311860122954883e+01
2330 4.1983686383245058e+03 1.0334089470032934e+01
2340 4.2597638497298212e+03 1.0349492103506464e+01
2350 4.3222983635399823e+03 1.0347861110667045e+01
2360 4.3863682379094071e+03 1.0327911623734760e+01
2370 4.4526149317826221e+03 1.0298068777879680e+01
2380 4.5188441871911755e+03 1.0271256981942303e+01
2390 4.5879950430314411e+03 1.0252703198709590e+01
2400 4.6609310721140673e+03 1.0241755005819627e+01
2410 4.7326097899383085e+03 1.0234951280802855e+01
2420 4.8075200024147725e+03 1.0230870075735602e+01
2430 4.8881544989870372e+03 1.0234985160049868e+01
2440 4.9703728092443225e+03 1.0251757933996025e+01
2450 5.0560502779161243e+03 1.0275097628471055e+01
2460 5.1423704234533498e+03 1.0292081988743028e+01
2470 5.2339308600220684e+03 1.0298627259959080e+01
2480 5.3253941510091536e+03 1.0298739718791365e+01
2490 5.4223480945093443e+03 1.0295353206949917e+01
2500 5.5274885861690118e+03 1.0284900890288457e+01
2510 5.6370359476472631e+03 1.0269027137573129e+01
2520 5.7508143535803811e+03 1.0258888266063417e+01
2530 5.8710200345321227e+03 1.0258802104928307e+01
2540 5.9913203692651214e+03 1.0262976380305524e+01
2550 6.1261010850212087e+03 1.0270914097461917e+01
2560 6.2687171993678085e+03 1.0280534422674396e+01
2570 6.4209675987072196e+03 1.0282447501389617e+01
2580 6.5760287660224776e+03 1.0278610331820703e+01
2590 6.7498974659835130e+03 1.0273039210853486e+01
2600 6.9401549999777399e+03 1.0268983729391065e+01
2610 7.1442422012677662e+03 1.0271435582746916e+01
2620 7.3671389976312930e+03 1.0274838630369914e+01
2630 7.6230490678368933e+03 1.0275748239579377e+01
2640 7.9063774550563512e+03 1.0273510139996581e+01
2650 8.2412844552866118e+03 1.0272978111619807e+01
2660 8.6473911131685927e+03 1.0274187760763965e+01
2670 9.1878171759870129e+03 1.0273632319794324e+01
2680 1.0032050155395566e+04 1.0273848248399588e+01
2690 1.1032050155395566e+04 1.0273780936272791e+01
2700 1.2032050155395566e+04 1.0273779079667483e+01
2710 1.3032050155395566e+04 1.0273786806180299e+01
2720 1.4032050155395566e+04 1.0273786455633378e+01
2730 1.5032050155395566e+04 1.0273785825943872e+01
2740 1.6032050155395566e+04 1.0273786552427810e+01
2750 1.7032050155395566e+04 1.0273787364770554e+01
2760 1.8032050155395566e+04 1.0273787991794078e+01
2770 1.9032050155395566e+04 1.0273788598244080e+01
2780 2.0032050155395566e+04 1.0273789226387498e+01
2790 2.1032050155395566e+04 1.0273789856869358e+01
2800 2.2032050155395566e+04 1.0273790483512782e+01
2810 2.3032050155395566e+04 1.0273791108035574e+01
2820 2.4032050155395566e+04 1.0273791730771476e+01
2830 2.5032050155395566e+04 1.0273792351170069e+01
2840 2.6032050155395566e+04 1.0273792968920096e+01
2850 2.7032050155395566e+04 1.0273793583876728e+01
2860 2.8032050155395566e+04 1.0273794195907152e+01
2870 2.9032050155395566e+04 1.0273794804891857e+01
2880 3.0032050155395566e+04 1.0273795410736474e+01
2890 3.1032050155395566e+04 1.0273796013367438e+01
2900 3.2032050155395566e+04 1.0273796612725318e+01
2910 3.3032050155395569e+04 1.0273797208762446e+01
2920 3.4032050155395569e+04 1.0273797801440509e+01
2930 3.5032050155395569e+04 1.0273798390728892e+01
2940 3.6032050155395569e+04 1.0273798976603089e+01
2950 3.7032050155395569e+04 1.0273799559043491e+01
2960 3.8032050155395569e+04 1.0273800138034396e+01
2970 3.9032050155395569e+04 1.0273800713563061e+01
2980 4.0032050155395569e+04 1.0273801285619653e+01
2990 4.1032050155395569e+04 1.0273801854195906e+01
3000 4.2032050155395569e+04 1.0273802419285589e+01
3010 4.3032050155395569e+04 1.0273802980883362e+01
3020 4.4032050155395569e+04 1.0273803538985421e+01
3030 4.5032050155395569e+04 1.0273804093588259e+01
3040 4.6032050155395569e+04 1.0273804644689484e+01
3050 4.7032050155395569e+04 1.0273805192286893e+01
3060 4.8032050155395569e+04 1.0273805736379094e+01
3070 4.9032050155395569e+04 1.0273806276964535e+01
3080 5.0032050155395569e+04 1.0273806814042530e+01
3090 5.1032050155395569e+04 1.0273807347612106e+01
3100 5.2032050155395569e+04 1.0273807877672814e+01
3110 5.3032050155395569e+04 1.0273808404224047e+01
3120 5.4032050155395569e+04 1.0273808927265648e+01
3130 5.5032050155395569e+04 1.0273809446797225e+01
3140 5.6032050155395569e+04 1.0273809962818760e+01
3150 5.7032050155395569e+04 1.0273810475330041e+01
3160 5.8032050155395569e+04 1.0273810984331092e+01
3170 5.9032050155395569e+04 1.0273811489821867e+01
3180 6.0032050155395569e+04 1.0273811991802296e+01
3190 6.1032050155395569e+04 1.0273812490272537e+01
3200 6.2032050155395569e+04 1.0273812985232523e+01
3210 6.3032050155395569e+04 1.0273813476682525e+01
3220 6.4032050155395569e+04 1.0273813964622377e+01
3230 6.5032050155395569e+04 1.0273814449052361e+01
3240 6.6032050155395569e+04 1.0273814929972428e+01
3250 6.7032050155395569e+04 1.0273815407382868e+01
3260 6.8032050155395569e+04 1.0273815881283600e+01
3270 6.9032050155395569e+04 1.0273816351674926e+01
3280 7.0032050155395569e+04 1.0273816818556780e+01
3290 7.1032050155395569e+04 1.0273817281929489e+01
3300 7.2032050155395569e+04 1.0273817741792945e+01
3310 7.3032050155395569e+04 1.0273818198147545e+01
3320 7.4032050155395569e+04 1.0273818650993162e+01
3330 7.5032050155395569e+04 1.0273819100330076e+01
3340 7.6032050155395569e+04 1.0273819546158407e+01
3350 7.7032050155395569e+04 1.0273819988478245e+01
3360 7.8032050155395569e+04 1.0273820427289774e+01
3370 7.9032050155395569e+04 1.0273820862593023e+01
3380 8.0032050155395569e+04 1.0273821294388245e+01
3390 8.1032050155395569e+04 1.0273821722675475e+01
3400 8.2032050155395569e+04 1.0273822147454959e+01
3410 8.3032050155395569e+04 1.0273822568726715e+01
3420 8.4032050155395569e+04 1.0273822986490966e+01
3430 8.5032050155395569e+04 1.0273823400747753e+01
3440 8.6032050155395569e+04 1.0273823811497367e+01
3450 8.7032050155395569e+04 1.0273824218739694e+01
3460 8.8032050155395569e+04 1.0273824622475155e+01
3470 8.9032050155395569e+04 1.0273825022703571e+01
3480 9.0032050155395569e+04 1.0273825419425416e+01
3490 9.1032050155395569e+04 1.0273825812640551e+01
3500 9.2032050155395569e+04 1.0273826202349317e+01
3510 9.3032050155395569e+04 1.0273826588551627e+01
3520 9.4032050155395569e+04 1.0273826971247859e+01
3530 9.5032050155395569e+04 1.0273827350437944e+01
3540 9.6032050155395569e+04 1.0273827726122139e+01
3550 9.7032050155395569e+04 1.0273828098300497e+01
3560 9.8032050155395569e+04 1.0273828466973205e+01
3570 9.9032050155395569e+04 1.0273828832140396e+01
3580 1.0000000000000000e+05 1.0273829182265223e+01
