0 0.0000000000000000e+00 1.0000000000000004e+00
10 1.3000000000000000e-01 1.0016233972998483e+00
20 1.9677381593138634e+00 1.0235610698164264e+00
30 3.1069132284080725e+00 1.0364071862413871e+00
40 4.8809503759800474e+00 1.0556440547771795e+00
50 7.1591167016118318e+00 1.0795312809418394e+00
60 8.6936006740372580e+00 1.0954016749497502e+00
70 1.0667263486304504e+01 1.1158456198202134e+00
80 1.3400719437645460e+01 1.1446864234449503e+00
90 1.5252334968963639e+01 1.1648459544638292e+00
100 1.7701106333902416e+01 1.1926044306052503e+00
110 2.0702749875472406e+01 1.2288126257738672e+00
120 2.2679286940830327e+01 1.2542473054030079e+00
130 2.5287369577065945e+01 1.2900901564728997e+00
140 2.7634031182567419e+01 1.3248698458402608e+00
150 3.1658796489609870e+01 1.3910315721787665e+00
160 3.6849340963983558e+01 1.4908971349713251e+00
170 4.2631461612470893e+01 1.6259810808519823e+00
180 4.8437877359602695e+01 1.7929529812800802e+00
190 5.4097873340302407e+01 1.9924474520699862e+00
200 5.9662052865689795e+01 2.2301524314631145e+00
210 6.5232397912487954e+01 2.5146303376282706e+00
220 7.0905455818728456e+01 2.8551027298063842e+00
230 7.6716159893125322e+01 3.2554018062815619e+00
240 8.2575564310481212e+01 3.7035495959097848e+00
250 8.8348687193928214e+01 4.1731713089996720e+00
260 9.4008728590056606e+01 4.6399488122196546e+00
270 9.9626554592889292e+01 5.0869504056726260e+00
280 1.0530362029669905e+02 5.5008324488927860e+00
290 1.1114828809108239e+02 5.8695513752364166e+00
300 1.1727688998088141e+02 6.1818751050361360e+00
310 1.2381789436717095e+02 6.4272890497909643e+00
320 1.3091772981867388e+02 6.5962592316366351e+00
330 1.3874599001610085e+02 6.6807917720506538e+00
340 1.4748588117881982e+02 6.6754248176714981e+00
350 1.5728588582773392e+02 6.5796528555845102e+00
360 1.6812216866376480e+02 6.4030499998443418e+00
370 1.7971442662825535e+02 6.1687273908439852e+00
380 1.9180465620862398e+02 5.9029946514238771e+00
390 2.0438383981046027e+02 5.6233470591532937e+00
400 2.1761655118516717e+02 5.3388226978701612e+00
410 2.3176335596907282e+02 5.0538635574513169e+00
420 2.4718645956371586e+02 4.7705816239286802e+00
430 2.6442602379778333e+02 4.4897501172344638e+00
440 2.8439016707421138e+02 4.2113293057822121e+00
450 3.0874775482260384e+02 3.9366849713464385e+00
460 3.3905003092722615e+02 3.6900629316666009e+00
470 3.6917950604446662e+02 3.5486709537894163e+00
480 3.9306862565947796e+02 3.5146437847995831e+00
490 4.1299846618403785e+02 3.5440856368632168e+00
500 4.3092611021550778e+02 3.6186949507136532e+00
510 4.4793299974188039e+02 3.7321831958935383e+00
520 4.6481367739602911e+02 3.8828679750092991e+00
530 4.8241226089531642e+02 4.0715106329038413e+00
540 5.0198413501139322e+02 4.3003688823831618e+00
550 5.2403482317323756e+02 4.5492632751759627e+00
560 5.4436106026569598e+02 4.7394654257261459e+00
570 5.6290149455011260e+02 4.8630147550604397e+00
580 5.8109164932027466e+02 4.9327485810201894e+00
590 5.9991131413282756e+02 4.9543124253212358e+00
600 6.2031643465160926e+02 4.9295662339362805e+00
610 6.4359999440156480e+02 4.8578463534617971e+00
620 6.7172912916065854e+02 4.7377134114830763e+00
630 7.0509247877664541e+02 4.5861365549949094e+00
640 7.3832540643091045e+02 4.4570288851867588e+00
650 7.6954088864201537e+02 4.3728489208298154e+00
660 7.9932780826837222e+02 4.3324318145258438e+00
670 8.2851984630431684e+02 4.3303385167569814e+00
680 8.5830408844993212e+02 4.3608343084437102e+00
690 8.9079042340269132e+02 4.4194646045853405e+00
700 9.3056565014963360e+02 4.5024336697548621e+00
710 9.7115279575659144e+02 4.5705162032909747e+00
720 1.0067099364639073e+03 4.6011691563028760e+00
730 1.0424639486239810e+03 4.6029349109183917e+00
740 1.0822989540732422e+03 4.5795620480955543e+00
750 1.1332285351950334e+03 4.5342881048409041e+00
760 1.1886089112899999e+03 4.4950478437754740e+00
770 1.2371590016394150e+03 4.4828940027474333e+00
780 1.2873486690256939e+03 4.4912201353651824e+00
790 1.3505406270775641e+03 4.5155949278591807e+00
800 1.4205625075193400e+03 4.5349715742415802e+00
810 1.4835549913601656e+03 4.5353403174774698e+00
820 1.5624625953404013e+03 4.5226748103579935e+00
830 1.6537695528829445e+03 4.5132112874809529e+00
840 1.7417985706792481e+03 4.5167708170660816e+00
850 1.8619485604135298e+03 4.5236167200218969e+00
860 1.9803605087280257e+03 4.5212419764217540e+00
870 2.1357911267454720e+03 4.5192339299070090e+00
880 2.3290347705784948e+03 4.5211057765389278e+00
890 2.5700214956829527e+03 4.5201995394417986e+00
900 2.9099963736106365e+03 4.5204456826700383e+00
910 3.4946754922846494e+03 4.5204575576620512e+00
920 4.4893196122569070e+03 4.5204777946355215e+00
930 5.4893196122569070e+03 4.5204848929328758e+00
940 6.4893196122569070e+03 4.5204925738308193e+00
950 7.4893196122569070e+03 4.5205002415975839e+00
960 8.4893196122569061e+03 4.5205079095096741e+00
970 9.4893196122569061e+03 4.5205155774458925e+00
980 1.0489319612256906e+04 4.5205232453506081e+00
990 1.1489319612256906e+04 4.5205309132190594e+00
1000 1.2489319612256906e+04 4.5205385810500047e+00
1010 1.3489319612256906e+04 4.5205462488432060e+00
1020 1.4489319612256906e+04 4.5205539165986330e+00
1030 1.5489319612256906e+04 4.5205615843162592e+00
1040 1.6489319612256906e+04 4.5205692519961032e+00
1050 1.7489319612256906e+04 4.5205769196381480e+00
1060 1.8489319612256906e+04 4.5205845872424000e+00
1070 1.9489319612256906e+04 4.5205922548088617e+00
1080 2.0489319612256906e+04 4.5205999223375288e+00
1090 2.1489319612256906e+04 4.5206075898284110e+00
1100 2.2489319612256906e+04 4.5206152572814986e+00
1110 2.3489319612256906e+04 4.5206229246967942e+00
1120 2.4489319612256906e+04 4.5206305920743013e+00
1130 2.5489319612256906e+04 4.5206382594140146e+00
1140 2.6489319612256906e+04 4.5206459267159431e+00
1150 2.7489319612256906e+04 4.5206535939800743e+00
1160 2.8489319612256906e+04 4.5206612612064259e+00
1170 2.9489319612256906e+04 4.5206689283949881e+00
1180 3.0489319612256906e+04 4.5206765955457620e+00
1190 3.1489319612256906e+04 4.5206842626587482e+00
1200 3.2489319612256906e+04 4.5206919297339478e+00
1210 3.3489319612256906e+04 4.5206995967713599e+00
1220 3.4489319612256906e+04 4.5207072637709791e+00
1230 3.5489319612256906e+04 4.5207149307328240e+00
1240 3.6489319612256906e+04 4.5207225976568726e+00
1250 3.7489319612256906e+04 4.5207302645431442e+00
1260 3.8489319612256906e+04 4.5207379313916300e+00
1270 3.9489319612256906e+04 4.5207455982023284e+00
1280 4.0489319612256906e+04 4.5207532649752498e+00
1290 4.1489319612256906e+04 4.5207609317103730e+00
1300 4.2489319612256906e+04 4.5207685984077282e+00
1310 4.3489319612256906e+04 4.5207762650672914e+00
1320 4.4489319612256906e+04 4.5207839316890732e+00
1330 4.5489319612256906e+04 4.5207915982730800e+00
1340 4.6489319612256906e+04 4.5207992648192947e+00
1350 4.7489319612256906e+04 4.5208069313277361e+00
1360 4.8489319612256906e+04 4.5208145977983891e+00
1370 4.9489319612256906e+04 4.5208222642312696e+00
1380 5.0489319612256906e+04 4.5208299306263706e+00
1390 5.1489319612256906e+04 4.5208375969836849e+00
1400 5.2489319612256906e+04 4.5208452633032241e+00
1410 5.3489319612256906e+04 4.5208529295849775e+00
1420 5.4489319612256906e+04 4.5208605958289656e+00
1430 5.5489319612256906e+04 4.5208682620351661e+00
1440 5.6489319612256906e+04 4.5208759282035960e+00
1450 5.7489319612256906e+04 4.5208835943342329e+00
1460 5.8489319612256906e+04 4.5208912604271090e+00
1470 5.9489319612256906e+04 4.5208989264822010e+00
1480 6.0489319612256906e+04 4.5209065924995171e+00
1490 6.1489319612256906e+04 4.5209142584790598e+00
1500 6.2489319612256906e+04 4.5209219244208256e+00
1510 6.3489319612256906e+04 4.5209295903248172e+00
1520 6.4489319612256906e+04 4.5209372561910346e+00
1530 6.5489319612256906e+04 4.5209449220194715e+00
1540 6.6489319612256906e+04 4.5209525878101431e+00
1550 6.7489319612256906e+04 4.5209602535630369e+00
1560 6.8489319612256906e+04 4.5209679192781600e+00
1570 6.9489319612256906e+04 4.5209755849555044e+00
1580 7.0489319612256906e+04 4.5209832505950907e+00
1590 7.1489319612256906e+04 4.5209909161968884e+00
1600 7.2489319612256906e+04 4.5209985817609208e+00
1610 7.3489319612256906e+04 4.5210062472871817e+00
1620 7.4489319612256906e+04 4.5210139127756728e+00
1630 7.5489319612256906e+04 4.5210215782263932e+00
1640 7.6489319612256906e+04 4.5210292436393411e+00
1650 7.7489319612256906e+04 4.5210369090145210e+00
1660 7.8489319612256906e+04 4.5210445743519339e+00
1670 7.9489319612256906e+04 4.5210522396515751e+00
1680 8.0489319612256906e+04 4.5210599049134519e+00
1690 8.1489319612256906e+04 4.5210675701375562e+00
1700 8.2489319612256906e+04 4.5210752353238925e+00
1710 8.3489319612256906e+04 4.5210829004724635e+00
1720 8.4489319612256906e+04 4.5210905655832683e+00
1730 8.5489319612256906e+04 4.5210982306563077e+00
1740 8.6489319612256906e+04 4.5211058956915791e+00
1750 8.7489319612256906e+04 4.5211135606890824e+00
1760 8.8489319612256906e+04 4.5211212256488240e+00
1770 8.9489319612256906e+04 4.5211288905707985e+00
1780 9.0489319612256906e+04 4.5211365554550067e+00
1790 9.1489319612256906e+04 4.5211442203014567e+00
1800 9.2489319612256906e+04 4.5211518851101351e+00
1810 9.3489319612256906e+04 4.5211595498810526e+00
1820 9.4489319612256906e+04 4.5211672146142119e+00
1830 9.5489319612256906e+04 4.5211748793096067e+00
1840 9.6489319612256906e+04 4.5211825439672344e+00
1850 9.7489319612256906e+04 4.5211902085871030e+00
1860 9.8489319612256906e+04 4.5211978731692124e+00
1870 9.9489319612256906e+04 4.5212055377135565e+00
