0 0.0000000000000000e+00 9.9999999999999967e-01
10 2.6076047931571218e-02 1.0025566765031417e+00
20 7.1730854929485929e-02 1.0063914407171382e+00
30 1.2775627058143926e-01 1.0103166907558476e+00
40 2.1086378265631639e-01 1.0151266929558573e+00
50 2.9789191493738687e-01 1.0193402845306019e+00
60 4.1544097145310982e-01 1.0241908156565522e+00
70 5.4102041886844254e-01 1.0286696542189058e+00
80 7.0590259378121334e-01 1.0338177282085677e+00
90 9.0955936263743919e-01 1.0393988042034463e+00
100 1.1558684536438684e+00 1.0453697498040000e+00
110 1.4275699532416775e+00 1.0512714743441598e+00
120 1.7475883582809515e+00 1.0575724836726532e+00
130 2.1098436406612029e+00 1.0640935113058789e+00
140 2.5262580479293972e+00 1.0710052470253237e+00
150 2.9979436856174697e+00 1.0782794121171204e+00
160 3.5325859840619231e+00 1.0859978916745683e+00
170 4.1232531384090851e+00 1.0940429656115080e+00
180 4.8004042331816175e+00 1.1028061333209658e+00
190 5.5134373265345245e+00 1.1116431794636379e+00
200 6.3454887092871948e+00 1.1215904533432122e+00
210 7.2168875098012677e+00 1.1317123605425607e+00
220 8.2325727923352670e+00 1.1432597990224931e+00
230 9.3067821447922228e+00 1.1553021791140636e+00
240 1.0469932756760429e+01 1.1682619992652767e+00
250 1.1761717578114188e+01 1.1826780294371093e+00
260 1.3099079336338637e+01 1.1977417741740990e+00
270 1.4532984159164171e+01 1.2141630998970019e+00
280 1.6087983988898813e+01 1.2324064419470666e+00
290 1.7788793954807296e+01 1.2530140302442372e+00
300 1.9666591734264248e+01 1.2767217066929064e+00
310 2.1742943160890277e+01 1.3043081602424857e+00
320 2.3978335179591749e+01 1.3358715508106667e+00
330 2.6374236548591590e+01 1.3721609796371037e+00
340 2.8922975312676098e+01 1.4139479138508750e+00
350 3.1591635761139628e+01 1.4616914270832357e+00
360 3.4385164011468255e+01 1.5166207937486553e+00
370 3.7289639716082085e+01 1.5798039565606297e+00
380 4.0303165368721309e+01 1.6527500591331183e+00
390 4.3431637643120162e+01 1.7374638655108898e+00
400 4.7254172363980793e+01 1.8550766176535332e+00
410 5.2258234034458624e+01 2.0360788163564889e+00
420 5.7525120042246577e+01 2.2650821287177818e+00
430 6.2851508965181573e+01 2.5428098043749627e+00
440 6.8277873056466163e+01 2.8785040878461619e+00
450 7.3863935109330598e+01 3.2818975738473708e+00
460 7.9577369725428852e+01 3.7517079379860858e+00
470 8.5269975533065775e+01 4.2658439302126272e+00
480 9.0843172422398766e+01 4.7945321103674603e+00
490 9.6330871923473850e+01 5.3155452358671171e+00
500 1.0182814003488097e+02 5.8123154484082802e+00
510 1.0744280457447613e+02 6.2696437815204122e+00
520 1.1328828424944179e+02 6.6723121974889725e+00
530 1.1948986965689436e+02 7.0050476409757625e+00
540 1.2619227530857425e+02 7.2528736348937040e+00
550 1.3356389009052978e+02 7.4018806350609312e+00
560 1.4179169963371629e+02 7.4409152480771210e+00
570 1.5104028366271874e+02 7.3650339917313712e+00
580 1.6131851244375855e+02 7.1824683686873163e+00
590 1.7236431698302317e+02 6.9207898864900601e+00
600 1.8388199118073715e+02 6.6154610464577406e+00
610 1.9580499604477987e+02 6.2918985452504641e+00
620 2.0824389352363045e+02 5.9636169547430100e+00
630 2.2139554579286795e+02 5.6372079997749021e+00
640 2.3552575661990539e+02 5.3157579614698314e+00
650 2.5100431375987398e+02 5.0004752464102715e+00
660 2.6839987737908183e+02 4.6913910420902223e+00
670 2.8870745165606428e+02 4.3877731830097080e+00
680 3.1381714030951611e+02 4.0911813434279267e+00
690 3.4498247023194995e+02 3.8362261211343114e+00
700 3.7448164413891050e+02 3.7091837767325417e+00
710 3.9738365984906926e+02 3.6923114822783654e+00
720 4.1659138942268214e+02 3.7387423112026368e+00
730 4.3394898884099439e+02 3.8317879044148939e+00
740 4.5045349205633835e+02 3.9661414665657606e+00
750 4.6683574177636899e+02 4.1408556144998849e+00
760 4.8385769879635563e+02 4.3572257329651327e+00
770 5.0260892917817660e+02 4.6175439935943796e+00
780 5.2374342130244077e+02 4.9038301822629267e+00
790 5.4372073028575619e+02 5.1320477555605999e+00
800 5.6186579020525824e+02 5.2824925262958260e+00
810 5.7950697576259870e+02 5.3696325254661907e+00
820 5.9757529585008103e+02 5.4009462761084590e+00
830 6.1692106342826878e+02 5.3796564863761454e+00
840 6.3862023138930851e+02 5.3062846019174401e+00
850 6.6431038727841462e+02 5.1797015498474170e+00
860 6.9547334426457974e+02 5.0082361186091040e+00
870 7.2848104164438564e+02 4.8436480258620831e+00
880 7.5972573219111905e+02 4.7273122245147219e+00
890 7.8932232713587052e+02 4.6625146495236116e+00
900 8.1790969845238851e+02 4.6436980097448508e+00
910 8.4637134948092068e+02 4.6639374504338607e+00
920 8.7607487956291880e+02 4.7172103003120069e+00
930 9.0975101058809662e+02 4.7994380665403993e+00
940 9.5070616917058010e+02 4.8980295456041336e+00
950 9.8754642009237887e+02 4.9588832227396447e+00
960 1.0216037834714846e+03 4.9812700863439821e+00
970 1.0568921650519671e+03 4.9727321854903197e+00
980 1.0972089232596052e+03 4.9371611507556086e+00
990 1.1494672386841710e+03 4.8804318902064363e+00
1000 1.2014352194210321e+03 4.8412493891237345e+00
1010 1.2481694043721625e+03 4.8318162937052005e+00
1020 1.2971603150848089e+03 4.8446161153654774e+00
1030 1.3592805310274998e+03 4.8744853391108025e+00
1040 1.4264887803261608e+03 4.8963384197658666e+00
1050 1.4870457812216423e+03 4.8965162406770482e+00
1060 1.5608666030017671e+03 4.8819685478806294e+00
1070 1.6503134109015973e+03 4.8691921776526543e+00
1080 1.7323532484312741e+03 4.8719878283897788e+00
1090 1.8459387557861271e+03 4.8813181469884608e+00
1100 1.9529616851212741e+03 4.8804068498750421e+00
1110 2.1004620649463905e+03 4.8760991911127318e+00
1120 2.2673844606033167e+03 4.8785451251805743e+00
1130 2.4721398003225831e+03 4.8777792597726526e+00
1140 2.7563908788845888e+03 4.8781433139633812e+00
1150 3.1590223072400936e+03 4.8779794373576983e+00
1160 3.9413624837709176e+03 4.8779697840813521e+00
1170 4.9413624837709176e+03 4.8779697068343246e+00
1180 5.9413624837709176e+03 4.8779716829490782e+00
1190 6.9413624837709176e+03 4.8779737019801424e+00
1200 7.9413624837709176e+03 4.8779757155972501e+00
1210 8.9413624837709176e+03 4.8779777296227751e+00
1220 9.9413624837709176e+03 4.8779797436554029e+00
1230 1.0941362483770918e+04 4.8779817576902635e+00
1240 1.1941362483770918e+04 4.8779837717239527e+00
1250 1.2941362483770918e+04 4.8779857857559046e+00
1260 1.3941362483770918e+04 4.8779877997858865e+00
1270 1.4941362483770918e+04 4.8779898138137758e+00
1280 1.5941362483770918e+04 4.8779918278395398e+00
1290 1.6941362483770918e+04 4.8779938418630318e+00
1300 1.7941362483770918e+04 4.8779958558842669e+00
1310 1.8941362483770918e+04 4.8779978699030933e+00
1320 1.9941362483770918e+04 4.8779998839195278e+00
1330 2.0941362483770918e+04 4.8780018979334088e+00
1340 2.1941362483770918e+04 4.8780039119447753e+00
1350 2.2941362483770918e+04 4.8780059259534152e+00
1360 2.3941362483770918e+04 4.8780079399593896e+00
1370 2.4941362483770918e+04 4.8780099539624908e+00
1380 2.5941362483770918e+04 4.8780119679627489e+00
1390 2.6941362483770918e+04 4.8780139819601045e+00
1400 2.7941362483770918e+04 4.8780159959544145e+00
1410 2.8941362483770918e+04 4.8780180099456167e+00
1420 2.9941362483770918e+04 4.8780200239336935e+00
1430 3.0941362483770918e+04 4.8780220379185106e+00
1440 3.1941362483770918e+04 4.8780240519000753e+00
1450 3.2941362483770921e+04 4.8780260658782151e+00
1460 3.3941362483770921e+04 4.8780280798528954e+00
1470 3.4941362483770921e+04 4.8780300938240613e+00
1480 3.5941362483770921e+04 4.8780321077915749e+00
1490 3.6941362483770921e+04 4.8780341217556762e+00
1500 3.7941362483770921e+04 4.8780361357163491e+00
1510 3.8941362483770921e+04 4.8780381496736860e+00
1520 3.9941362483770921e+04 4.8780401636276718e+00
1530 4.0941362483770921e+04 4.8780421775785232e+00
1540 4.1941362483770921e+04 4.8780441915261985e+00
1550 4.2941362483770921e+04 4.8780462054708789e+00
1560 4.3941362483770921e+04 4.8780482194124879e+00
1570 4.4941362483770921e+04 4.8780502333512041e+00
1580 4.5941362483770921e+04 4.8780522472870746e+00
1590 4.6941362483770921e+04 4.8780542612201856e+00
1600 4.7941362483770921e+04 4.8780562751506036e+00
1610 4.8941362483770921e+04 4.8780582890783544e+00
1620 4.9941362483770921e+04 4.8780603030035872e+00
1630 5.0941362483770921e+04 4.8780623169263544e+00
1640 5.1941362483770921e+04 4.8780643308466685e+00
1650 5.2941362483770921e+04 4.8780663447646067e+00
1660 5.3941362483770921e+04 4.8780683586803484e+00
1670 5.4941362483770921e+04 4.8780703725938519e+00
1680 5.5941362483770921e+04 4.8780723865052495e+00
1690 5.6941362483770921e+04 4.8780744004145715e+00
1700 5.7941362483770921e+04 4.8780764143219262e+00
1710 5.8941362483770921e+04 4.8780784282273508e+00
1720 5.9941362483770921e+04 4.8780804421309885e+00
1730 6.0941362483770921e+04 4.8780824560328266e+00
1740 6.1941362483770921e+04 4.8780844699329773e+00
1750 6.2941362483770921e+04 4.8780864838314795e+00
1760 6.3941362483770921e+04 4.8780884977284948e+00
1770 6.4941362483770921e+04 4.8780905116239559e+00
1780 6.5941362483770921e+04 4.8780925255180607e+00
1790 6.6941362483770921e+04 4.8780945394108377e+00
1800 6.7941362483770921e+04 4.8780965533023020e+00
1810 6.8941362483770921e+04 4.8780985671926400e+00
1820 6.9941362483770921e+04 4.8781005810818279e+00
1830 7.0941362483770921e+04 4.8781025949699561e+00
1840 7.1941362483770921e+04 4.8781046088571385e+00
1850 7.2941362483770921e+04 4.8781066227434033e+00
1860 7.3941362483770921e+04 4.8781086366288466e+00
1870 7.4941362483770921e+04 4.8781106505135288e+00
1880 7.5941362483770921e+04 4.8781126643974950e+00
1890 7.6941362483770921e+04 4.8781146782809213e+00
1900 7.7941362483770921e+04 4.8781166921637258e+00
1910 7.8941362483770921e+04 4.8781187060461120e+00
1920 7.9941362483770921e+04 4.8781207199280825e+00
1930 8.0941362483770921e+04 4.8781227338097723e+00
1940 8.1941362483770921e+04 4.8781247476911416e+00
1950 8.2941362483770921e+04 4.8781267615723563e+00
1960 8.3941362483770921e+04 4.8781287754534306e+00
1970 8.4941362483770921e+04 4.8781307893345307e+00
1980 8.5941362483770921e+04 4.8781328032156024e+00
1990 8.6941362483770921e+04 4.8781348170968233e+00
2000 8.7941362483770921e+04 4.8781368309782183e+00
2010 8.8941362483770921e+04 4.8781388448598406e+00
2020 8.9941362483770921e+04 4.8781408587418111e+00
2030 9.0941362483770921e+04 4.8781428726241503e+00
2040 9.1941362483770921e+04 4.8781448865069397e+00
2050 9.2941362483770921e+04 4.8781469003902931e+00
2060 9.3941362483770921e+04 4.8781489142742736e+00
2070 9.4941362483770921e+04 4.8781509281588979e+00
2080 9.5941362483770921e+04 4.8781529420443066e+00
2090 9.6941362483770921e+04 4.8781549559305066e+00
2100 9.7941362483770921e+04 4.8781569698176837e+00
2110 9.8941362483770921e+04 4.8781589837057471e+00
2120 9.9920681241885468e+04 4.8781609559451597e+00
