0 0.0000000000000000e+00 1.0000000000000022e+00
10 1.3000000000000002e-04 1.0000067147481815e+00
20 1.1238710671142944e-03 1.0000546937527226e+00
30 2.1961666094644458e-03 1.0001008272174126e+00
40 3.5664318802115930e-03 1.0001531627944711e+00
50 5.2385295691809866e-03 1.0002093736950697e+00
60 7.8761274946235870e-03 1.0002857712274862e+00
70 1.0595531642519404e-02 1.0003535014849347e+00
80 1.3444961285973937e-02 1.0004160267342213e+00
90 1.6647551960813731e-02 1.0004787679351925e+00
100 2.0330027852725276e-02 1.0005435460774883e+00
110 2.5852220434981768e-02 1.0006298261474802e+00
120 3.0807729293283185e-02 1.0006989826730346e+00
130 3.6299756366220085e-02 1.0007687308202100e+00
140 4.2992994136752151e-02 1.0008461171309491e+00
150 5.0462989952524913e-02 1.0009247603532525e+00
160 5.8880044995549302e-02 1.0010057126775926e+00
170 6.8077705138079772e-02 1.0010868033869247e+00
180 7.7904818578743984e-02 1.0011666053428845e+00
190 8.8807598504380289e-02 1.0012484153179426e+00
200 1.0065593484705744e-01 1.0013307235722346e+00
210 1.1318470874841879e-01 1.0014115550007276e+00
220 1.2732942247556162e-01 1.0014964060807943e+00
230 1.4255769364597487e-01 1.0015813653503143e+00
240 1.5992774803953341e-01 1.0016714516790375e+00
250 1.7775328964647241e-01 1.0017574835146397e+00
260 1.9690617651124848e-01 1.0018437356713064e+00
270 2.1677472027249819e-01 1.0019273710111813e+00
280 2.3730851701184633e-01 1.0020083750289082e+00
290 2.5951510247913950e-01 1.0020905407628224e+00
300 2.8291410576795062e-01 1.0021717415712028e+00
310 3.1646443072644059e-01 1.0022797930640770e+00
320 3.7304616531635681e-01 1.0024432652391928e+00
330 4.5317977451035135e-01 1.0026426873605578e+00
340 5.6278282096747800e-01 1.0028692371226298e+00
350 7.1119060899782238e-01 1.0031135623481473e+00
360 9.1132657502485592e-01 1.0033618331794150e+00
370 1.1798996052842110e+00 1.0035929159332184e+00
380 1.5363148231340134e+00 1.0037767786280747e+00
390 1.9986343834456168e+00 1.0038768714371431e+00
400 2.5778647853770202e+00 1.0038591167417614e+00
410 3.2774327964710435e+00 1.0037015696885032e+00
420 4.0919897611453040e+00 1.0034012603315607e+00
430 4.9981570394755490e+00 1.0029879212883019e+00
440 5.9612558850577324e+00 1.0025212851305909e+00
450 6.9555644724613703e+00 1.0020599000524621e+00
460 7.9684689439535310e+00 1.0016411808516095e+00
470 8.9948040717895275e+00 1.0012821044838638e+00
480 1.0032701638256469e+01 1.0009860876349992e+00
490 1.1081713091900546e+01 1.0007490489995576e+00
500 1.2142028580493356e+01 1.0005634734774753e+00
510 1.3214158326325366e+01 1.0004208284569907e+00
520 1.4298814153306679e+01 1.0003128705853896e+00
530 1.5396882700289760e+01 1.0002322680926243e+00
540 1.6509443838315097e+01 1.0001728247036175e+00
550 1.7637813883717122e+01 1.0001294853823346e+00
560 1.8783604824731597e+01 1.0000982332847905e+00
570 1.9948796585656208e+01 1.0000759420859544e+00
580 2.1135822913250340e+01 1.0000602196795729e+00
590 2.2347674258555529e+01 1.0000492620225174e+00
600 2.3588023652598409e+01 1.0000417255999019e+00
610 2.4861384394813680e+01 1.0000366210471625e+00
620 2.6173311778254909e+01 1.0000332272404098e+00
630 2.7530665667803525e+01 1.0000310236015828e+00
640 2.8941957504884229e+01 1.0000296377878186e+00
650 3.0417815890374015e+01 1.0000288059099174e+00
660 3.1971622212811869e+01 1.0000283426824503e+00
670 3.3620397198011574e+01 1.0000281192838967e+00
680 3.5386070969472847e+01 1.0000280471012197e+00
690 3.7297363491718293e+01 1.0000280659034475e+00
700 3.9392681407883643e+01 1.0000281353080513e+00
710 4.1724795335213685e+01 1.0000282286649875e+00
720 4.4368824662331711e+01 1.0000283286927369e+00
730 4.7436821150107782e+01 1.0000284243585336e+00
740 5.1106773030339305e+01 1.0000285086092049e+00
750 5.5687203728522981e+01 1.0000285766186892e+00
760 6.1786161038357449e+01 1.0000286241549927e+00
770 7.0880135936794915e+01 1.0000286450788172e+00
780 8.8404887795589730e+01 1.0000286218877146e+00
790 2.3855625840450259e+02 1.0000282020560525e+00
800 1.2385562584045026e+03 1.0000253608946559e+00
810 2.2385562584045028e+03 1.0000225066882300e+00
820 3.2385562584045028e+03 1.0000196408637188e+00
830 4.2385562584045028e+03 1.0000167648720397e+00
840 5.2385562584045028e+03 1.0000138801815535e+00
850 6.2385562584045028e+03 1.0000109882756227e+00
860 7.2385562584045028e+03 1.0000080906501012e+00
870 8.2385562584045038e+03 1.0000051888107484e+00
880 9.2385562584045038e+03 1.0000022842706588e+00
890 1.0238556258404504e+04 9.9999937854762433e-01
900 1.1238556258404504e+04 9.9999647316148765e-01
910 1.2238556258404504e+04 9.9999356963151520e-01
920 1.3238556258404504e+04 9.9999066947370530e-01
930 1.4238556258404504e+04 9.9998777419822338e-01
940 1.5238556258404504e+04 9.9998488530671259e-01
950 1.6238556258404504e+04 9.9998200428976802e-01
960 1.7238556258404504e+04 9.9997913262436100e-01
970 1.8238556258404504e+04 9.9997627177138149e-01
980 1.9238556258404504e+04 9.9997342317314764e-01
990 2.0238556258404504e+04 9.9997058825109331e-01
1000 2.1238556258404504e+04 9.9996776840344381e-01
1010 2.2238556258404504e+04 9.9996496500300047e-01
1020 2.3238556258404504e+04 9.9996217939503174e-01
1030 2.4238556258404504e+04 9.9995941289524359e-01
1040 2.5238556258404504e+04 9.9995666678784534e-01
1050 2.6238556258404504e+04 9.9995394232370671e-01
1060 2.7238556258404504e+04 9.9995124071870090e-01
1070 2.8238556258404504e+04 9.9994856315207270e-01
1080 2.9238556258404504e+04 9.9994591076496431e-01
1090 3.0238556258404504e+04 9.9994328465907545e-01
1100 3.1238556258404504e+04 9.9994068589542628e-01
1110 3.2238556258404504e+04 9.9993811549325906e-01
1120 3.3238556258404504e+04 9.9993557442905978e-01
1130 3.4238556258404504e+04 9.9993306363571655e-01
1140 3.5238556258404504e+04 9.9993058400177248e-01
1150 3.6238556258404504e+04 9.9992813637085420e-01
1160 3.7238556258404504e+04 9.9992572154118997e-01
1170 3.8238556258404504e+04 9.9992334026526219e-01
1180 3.9238556258404504e+04 9.9992099324957795e-01
1190 4.0238556258404504e+04 9.9991868115455040e-01
1200 4.1238556258404504e+04 9.9991640459451858e-01
1210 4.2238556258404504e+04 9.9991416413783130e-01
1220 4.3238556258404504e+04 9.9991196030711194e-01
1230 4.4238556258404504e+04 9.9990979357951748e-01
1240 4.5238556258404504e+04 9.9990766438722434e-01
1250 4.6238556258404504e+04 9.9990557311788952e-01
1260 4.7238556258404504e+04 9.9990352011526762e-01
1270 4.8238556258404504e+04 9.9990150567990621e-01
1280 4.9238556258404504e+04 9.9989953006987387e-01
1290 5.0238556258404504e+04 9.9989759350162222e-01
1300 5.1238556258404504e+04 9.9989569615085239e-01
1310 5.2238556258404504e+04 9.9989383815348720e-01
1320 5.3238556258404504e+04 9.9989201960668539e-01
1330 5.4238556258404504e+04 9.9989024056989328e-01
1340 5.5238556258404504e+04 9.9988850106594807e-01
1350 5.6238556258404504e+04 9.9988680108222328e-01
1360 5.7238556258404504e+04 9.9988514057181654e-01
1370 5.8238556258404504e+04 9.9988351945473342e-01
1380 5.9238556258404504e+04 9.9988193761912825e-01
1390 6.0238556258404504e+04 9.9988039492254399e-01
1400 6.1238556258404504e+04 9.9987889119318074e-01
1410 6.2238556258404504e+04 9.9987742623117015e-01
1420 6.3238556258404504e+04 9.9987599980982800e-01
1430 6.4238556258404504e+04 9.9987461167695013e-01
1440 6.5238556258404504e+04 9.9987326155608358e-01
1450 6.6238556258404511e+04 9.9987194914778832e-01
1460 6.7238556258404511e+04 9.9987067413091135e-01
1470 6.8238556258404511e+04 9.9986943616381774e-01
1480 6.9238556258404511e+04 9.9986823488562337e-01
1490 7.0238556258404511e+04 9.9986706991743068e-01
1500 7.1238556258404511e+04 9.9986594086348890e-01
1510 7.2238556258404511e+04 9.9986484731239511e-01
1520 7.3238556258404511e+04 9.9986378883821359e-01
1530 7.4238556258404511e+04 9.9986276500162508e-01
1540 7.5238556258404511e+04 9.9986177535100762e-01
1550 7.6238556258404511e+04 9.9986081942350535e-01
1560 7.7238556258404511e+04 9.9985989674603259e-01
1570 7.8238556258404511e+04 9.9985900683631768e-01
1580 7.9238556258404511e+04 9.9985814920386817e-01
1590 8.0238556258404511e+04 9.9985732335088229e-01
1600 8.1238556258404511e+04 9.9985652877318032e-01
1610 8.2238556258404511e+04 9.9985576496105588e-01
1620 8.3238556258404511e+04 9.9985503140012422e-01
1630 8.4238556258404511e+04 9.9985432757213699e-01
1640 8.5238556258404511e+04 9.9985365295573247e-01
1650 8.6238556258404511e+04 9.9985300702716662e-01
1660 8.7238556258404511e+04 9.9985238926104503e-01
1670 8.8238556258404511e+04 9.9985179913096689e-01
1680 8.9238556258404511e+04 9.9985123611017845e-01
1690 9.0238556258404511e+04 9.9985069967215390e-01
1700 9.1238556258404511e+04 9.9985018929119518e-01
1710 9.2238556258404511e+04 9.9984970444294963e-01
1720 9.3238556258404511e+04 9.9984924460493452e-01
1730 9.4238556258404511e+04 9.9984880925701702e-01
1740 9.5238556258404511e+04 9.9984839788186619e-01
1750 9.6238556258404511e+04 9.9984800996536183e-01
1760 9.7238556258404511e+04 9.9984764499700585e-01
1770 9.8238556258404511e+04 9.9984730247030251e-01
1780 9.9238556258404511e+04 9.9984698188306664e-01
