0 0.0000000000000000e+00 1.0000000000000009e+00
10 1.0229662372407926e-01 1.0026033447681721e+00
20 4.6921779638814087e-01 1.0113595054690381e+00
30 8.8667491811438504e-01 1.0203962522512704e+00
40 1.2862263453881275e+00 1.0283135319008305e+00
50 1.7014274934584857e+00 1.0359371046417345e+00
60 2.1475248681322237e+00 1.0435772168915736e+00
70 2.5926742953520807e+00 1.0507420562098191e+00
80 3.1561027256973295e+00 1.0592852416215943e+00
90 4.0180449180296103e+00 1.0714853535548041e+00
100 5.0716438588669002e+00 1.0853721619101155e+00
110 5.9123096876927335e+00 1.0958849622917068e+00
120 7.1935401029796635e+00 1.1112590529829287e+00
130 8.2404462663742120e+00 1.1234381264875046e+00
140 9.6587622909637769e+00 1.1396301886677478e+00
150 1.0737457108104762e+01 1.1518374400869700e+00
160 1.2605582291218887e+01 1.1730081699067283e+00
170 1.4084003011774859e+01 1.1899657460683983e+00
180 1.6229818472631475e+01 1.2151791409700303e+00
190 1.8133191496745720e+01 1.2383726917928448e+00
200 2.0444698845393127e+01 1.2678886210627722e+00
210 2.2874997004070931e+01 1.3008580726070438e+00
220 2.5324055065190912e+01 1.3364591436623605e+00
230 2.7972909609670982e+01 1.3780856823802152e+00
240 3.0498129848861108e+01 1.4212256152676346e+00
250 3.3508868723377418e+01 1.4776962942875362e+00
260 3.6195792607644407e+01 1.5333314564789213e+00
270 3.9054418932948359e+01 1.5986530826753185e+00
280 4.2504227804872386e+01 1.6869984652660133e+00
290 4.7317466182861331e+01 1.8303320500234950e+00
300 5.2637605164175952e+01 2.0207372985843093e+00
310 5.8015121073721133e+01 2.2533554085096692e+00
320 6.3414201274386315e+01 2.5335036897596832e+00
330 6.8903776491942665e+01 2.8708447397571497e+00
340 7.4538076916672239e+01 3.2734757915283468e+00
350 8.0271324935777287e+01 3.7371571134731827e+00
360 8.5965252374826676e+01 4.2389620401871628e+00
370 9.1546824725497359e+01 4.7511781244386393e+00
380 9.7060078062193753e+01 5.2531058723554525e+00
390 1.0259981995924475e+02 5.7287943838176236e+00
400 1.0827255825510827e+02 6.1635700879153061e+00
410 1.1419199841982309e+02 6.5429955179324839e+00
420 1.2048574557627587e+02 6.8528872642343801e+00
430 1.2730226159821174e+02 7.0795805899945305e+00
440 1.3481328065998878e+02 7.2105786701364769e+00
450 1.4320634036125668e+02 7.2361780356259189e+00
460 1.5264206643065714e+02 7.1528005137462722e+00
470 1.6311898046323114e+02 6.9694735687408400e+00
480 1.7436336834111893e+02 6.7131218862071718e+00
490 1.8608247771973714e+02 6.4170429355059939e+00
500 1.9822442037492007e+02 6.1044267511631274e+00
510 2.1091664504527739e+02 5.7873708478975825e+00
520 2.2437556123894089e+02 5.4717219390421468e+00
530 2.3889446304656559e+02 5.1602007470242341e+00
540 2.5488892416597940e+02 4.8538345796779012e+00
550 2.7301564239086065e+02 4.5525587805325349e+00
560 2.9445778301624063e+02 4.2557973398852615e+00
570 3.2134755497721432e+02 3.9685921598232228e+00
580 3.5323784739307638e+02 3.7441984745841372e+00
590 3.8091779900651511e+02 3.6530556050435741e+00
600 4.0268799674703178e+02 3.6546011305064372e+00
610 4.2140886199264224e+02 3.7124086439662838e+00
620 4.3860663755079531e+02 3.8142578361467843e+00
630 4.5518127990967821e+02 3.9563492507362179e+00
640 4.7186936595438419e+02 4.1383890712282767e+00
650 4.8954291917011773e+02 4.3621528705539605e+00
660 5.0949388099271664e+02 4.6287478452076636e+00
670 5.3102519166884849e+02 4.8955233718362194e+00
680 5.5037235570340533e+02 5.0863660132001627e+00
690 5.6838631223521861e+02 5.2073539701566061e+00
700 5.8628930408058181e+02 5.2703777517086969e+00
710 6.0497473402662843e+02 5.2807573910200398e+00
720 6.2538381926411603e+02 5.2403034007651472e+00
730 6.4884226983427538e+02 5.1483402775132756e+00
740 6.7730679440169229e+02 5.0044313266494349e+00
750 7.1047544064785154e+02 4.8336776630778253e+00
760 7.4305774187956342e+02 4.6946046413573583e+00
770 7.7371649008842587e+02 4.6061184570661196e+00
780 8.0300317212842663e+02 4.5656286846153593e+00
790 8.3169515757350109e+02 4.5667220814306493e+00
800 8.6091464446907401e+02 4.6029493884696988e+00
810 8.9263020558551796e+02 4.6693393674407666e+00
820 9.3116474327623609e+02 4.7620169072613407e+00
830 9.7142305394238804e+02 4.8408743145911757e+00
840 1.0064200739315563e+03 4.8772689397137317e+00
850 1.0412190683129927e+03 4.8812258221347760e+00
860 1.0793928152553194e+03 4.8573357265067427e+00
870 1.1268937504450168e+03 4.8089792478492805e+00
880 1.1824891462512392e+03 4.7597703578442623e+00
890 1.2306119628117360e+03 4.7412715020585363e+00
900 1.2786385598169675e+03 4.7465636214486011e+00
910 1.3351853072486799e+03 4.7704280464836355e+00
920 1.4061623763583557e+03 4.7980498734043096e+00
930 1.4673458651884866e+03 4.8036934961781439e+00
940 1.5355592502770851e+03 4.7933761786822435e+00
950 1.6274000320923062e+03 4.7776800591184188e+00
960 1.7088034191346494e+03 4.7771614714860569e+00
970 1.8169021982507363e+03 4.7862196768760308e+00
980 1.9260457473500746e+03 4.7877065693429328e+00
990 2.0704751008037156e+03 4.7829227585858103e+00
1000 2.2237210172347854e+03 4.7844775401438380e+00
1010 2.4248064711431739e+03 4.7846522847041530e+00
1020 2.6945601137489398e+03 4.7845832600646672e+00
1030 3.0908173406532796e+03 4.7844698105000791e+00
1040 3.8326696869356674e+03 4.7845127052090133e+00
1050 4.8326696869356674e+03 4.7845107797993380e+00
1060 5.8326696869356674e+03 4.7845151400831565e+00
1070 6.8326696869356674e+03 4.7845192916392953e+00
1080 7.8326696869356674e+03 4.7845234466645952e+00
1090 8.8326696869356674e+03 4.7845276018641139e+00
1100 9.8326696869356674e+03 4.7845317570521884e+00
1110 1.0832669686935667e+04 4.7845359122349524e+00
1120 1.1832669686935667e+04 4.7845400674101457e+00
1130 1.2832669686935667e+04 4.7845442225774999e+00
1140 1.3832669686935667e+04 4.7845483777369431e+00
1150 1.4832669686935667e+04 4.7845525328884646e+00
1160 1.5832669686935667e+04 4.7845566880320654e+00
1170 1.6832669686935667e+04 4.7845608431677231e+00
1180 1.7832669686935667e+04 4.7845649982954628e+00
1190 1.8832669686935667e+04 4.7845691534152834e+00
1200 1.9832669686935667e+04 4.7845733085271700e+00
1210 2.0832669686935667e+04 4.7845774636311376e+00
1220 2.1832669686935667e+04 4.7845816187271772e+00
1230 2.2832669686935667e+04 4.7845857738152979e+00
1240 2.3832669686935667e+04 4.7845899288954934e+00
1250 2.4832669686935667e+04 4.7845940839677477e+00
1260 2.5832669686935667e+04 4.7845982390320811e+00
1270 2.6832669686935667e+04 4.7846023940884956e+00
1280 2.7832669686935667e+04 4.7846065491369867e+00
1290 2.8832669686935667e+04 4.7846107041775570e+00
1300 2.9832669686935667e+04 4.7846148592101914e+00
1310 3.0832669686935667e+04 4.7846190142349059e+00
1320 3.1832669686935667e+04 4.7846231692516952e+00
1330 3.2832669686935667e+04 4.7846273242605513e+00
1340 3.3832669686935667e+04 4.7846314792614830e+00
1350 3.4832669686935667e+04 4.7846356342545038e+00
1360 3.5832669686935667e+04 4.7846397892395913e+00
1370 3.6832669686935667e+04 4.7846439442167519e+00
1380 3.7832669686935667e+04 4.7846480991859881e+00
1390 3.8832669686935667e+04 4.7846522541473000e+00
1400 3.9832669686935667e+04 4.7846564091006947e+00
1410 4.0832669686935667e+04 4.7846605640461579e+00
1420 4.1832669686935667e+04 4.7846647189836977e+00
1430 4.2832669686935667e+04 4.7846688739133132e+00
1440 4.3832669686935667e+04 4.7846730288350070e+00
1450 4.4832669686935667e+04 4.7846771837487685e+00
1460 4.5832669686935667e+04 4.7846813386546092e+00
1470 4.6832669686935667e+04 4.7846854935525291e+00
1480 4.7832669686935667e+04 4.7846896484425079e+00
1490 4.8832669686935667e+04 4.7846938033245889e+00
1500 4.9832669686935667e+04 4.7846979581987235e+00
1510 5.0832669686935667e+04 4.7847021130649390e+00
1520 5.1832669686935667e+04 4.7847062679232399e+00
1530 5.2832669686935667e+04 4.7847104227736077e+00
1540 5.3832669686935667e+04 4.7847145776160556e+00
1550 5.4832669686935667e+04 4.7847187324505720e+00
1560 5.5832669686935667e+04 4.7847228872771685e+00
1570 5.6832669686935667e+04 4.7847270420958505e+00
1580 5.7832669686935667e+04 4.7847311969065949e+00
1590 5.8832669686935667e+04 4.7847353517094113e+00
1600 5.9832669686935667e+04 4.7847395065043132e+00
1610 6.0832669686935667e+04 4.7847436612912961e+00
1620 6.1832669686935667e+04 4.7847478160703494e+00
1630 6.2832669686935667e+04 4.7847519708414703e+00
1640 6.3832669686935667e+04 4.7847561256046811e+00
1650 6.4832669686935667e+04 4.7847602803599596e+00
1660 6.5832669686935667e+04 4.7847644351073217e+00
1670 6.6832669686935667e+04 4.7847685898467462e+00
1680 6.7832669686935667e+04 4.7847727445782633e+00
1690 6.8832669686935667e+04 4.7847768993018365e+00
1700 6.9832669686935667e+04 4.7847810540175111e+00
1710 7.0832669686935667e+04 4.7847852087252436e+00
1720 7.1832669686935667e+04 4.7847893634250633e+00
1730 7.2832669686935667e+04 4.7847935181169436e+00
1740 7.3832669686935667e+04 4.7847976728009192e+00
1750 7.4832669686935667e+04 4.7848018274769588e+00
1760 7.5832669686935667e+04 4.7848059821450830e+00
1770 7.6832669686935667e+04 4.7848101368052829e+00
1780 7.7832669686935667e+04 4.7848142914575522e+00
1790 7.8832669686935667e+04 4.7848184461019088e+00
1800 7.9832669686935667e+04 4.7848226007383312e+00
1810 8.0832669686935667e+04 4.7848267553668329e+00
1820 8.1832669686935667e+04 4.7848309099874200e+00
1830 8.2832669686935667e+04 4.7848350646000695e+00
1840 8.3832669686935667e+04 4.7848392192048026e+00
1850 8.4832669686935667e+04 4.7848433738016150e+00
1860 8.5832669686935667e+04 4.7848475283905056e+00
1870 8.6832669686935667e+04 4.7848516829714747e+00
1880 8.7832669686935667e+04 4.7848558375445158e+00
1890 8.8832669686935667e+04 4.7848599921096255e+00
1900 8.9832669686935667e+04 4.7848641466668145e+00
1910 9.0832669686935667e+04 4.7848683012160933e+00
1920 9.1832669686935667e+04 4.7848724557574478e+00
1930 9.2832669686935667e+04 4.7848766102908717e+00
1940 9.3832669686935667e+04 4.7848807648163802e+00
1950 9.4832669686935667e+04 4.7848849193339600e+00
1960 9.5832669686935667e+04 4.7848890738436136e+00
1970 9.6832669686935667e+04 4.7848932283453518e+00
1980 9.7832669686935667e+04 4.7848973828391674e+00
1990 9.8832669686935667e+04 4.7849015373250490e+00
2000 9.9832669686935667e+04 4.7849056918030124e+00
